Name:pbridge_01
Translation: -5084.19,142.438,-1467.77
Dof: 1.0 0.0 0.0
Up: 0.0 1.0 0.0
Right: 0.0 0.0 1.0
Dele:cwall1_07
Translation: -7475.21,-411.574,310.408
Dof: -1.68587e-007 0.0 1.0
Up: 0.0 1.0 0.0
Right: -1.0 0.0 -1.68587e-007
Dele:cwallb1_01
Translation: -7464.53,-411.574,-241.483
Dof: 1.68587e-007 0.0 1.0
Up: 0.0 1.0 0.0
Right: -1.0 0.0 1.68587e-007
Dele:cwallb1_01s
Translation: -7159.57,-411.576,-351.944
Dof: 1.68587e-007 0.0 1.0
Up: 0.0 1.0 0.0
Right: -1.0 0.0 1.68587e-007
Dele:cwalla1_03
Translation: -7475.21,-411.574,543.38
Dof: 0.0 0.0 1.0
Up: 0.0 1.0 0.0
Right: -1.0 0.0 0.0
Dele:cwall1_10
Translation: -7475.21,-411.574,230.408
Dof: -1.68587e-007 0.0 1.0
Up: 0.0 1.0 0.0
Right: -1.0 0.0 -1.68587e-007
Dele:cwall1_11
Translation: -7475.21,-411.574,-84.0192
Dof: -1.68587e-007 0.0 1.0
Up: 0.0 1.0 0.0
Right: -1.0 0.0 -1.68587e-007
Dele:cwall1_12
Translation: -7475.21,-411.574,388.542
Dof: -1.68587e-007 0.0 1.0
Up: 0.0 1.0 0.0
Right: -1.0 0.0 -1.68587e-007
Dele:cwall1_13
Translation: -7475.21,-411.574,464.823
Dof: -1.68587e-007 0.0 1.0
Up: 0.0 1.0 0.0
Right: -1.0 0.0 -1.68587e-007
Dele:cwall1_14
Translation: -7475.21,-411.574,-162.521
Dof: -1.68587e-007 0.0 1.0
Up: 0.0 1.0 0.0
Right: -1.0 0.0 -1.68587e-007
Dele:cwall90_07
Translation: -7369.98,-411.574,-162.299
Dof: -1.0 0.0 1.68587e-007
Up: 0.0 1.0 0.0
Right: -1.68587e-007 0.0 -1.0
Dele:cwall90_08
Translation: -7290.61,-411.574,-162.318
Dof: 0.0 0.0 1.0
Up: 0.0 1.0 0.0
Right: -1.0 0.0 0.0
Dele:cwall92_05
Translation: -7400.84,-411.574,-241.32
Dof: -1.0 0.0 1.68587e-007
Up: 0.0 1.0 0.0
Right: -1.68587e-007 0.0 -1.0
Dele:cwall92_06
Translation: -7259.63,-411.574,-241.463
Dof: 0.0 0.0 1.0
Up: 0.0 1.0 0.0
Right: -1.0 0.0 0.0
Dele:ramp_03
Translation: -7330.3,-449.214,-227.887
Dof: -1.0 0.0 1.5397e-007
Up: 0.0 0.882948 0.469472
Right: -1.63471e-007 -0.469472 -0.882948
Dele:cwall1_15
Translation: -7475.21,-411.574,72.7631
Dof: -1.68587e-007 0.0 1.0
Up: 0.0 1.0 0.0
Right: -1.0 0.0 -1.68587e-007
Dele:cwall1_16
Translation: -7475.21,-411.574,-5.73897
Dof: -1.68587e-007 0.0 1.0
Up: 0.0 1.0 0.0
Right: -1.0 0.0 -1.68587e-007
Dele:cwall1_17
Translation: -7475.21,-411.574,151.531
Dof: -1.68587e-007 0.0 1.0
Up: 0.0 1.0 0.0
Right: -1.0 0.0 -1.68587e-007
Dele:cwall90_09
Translation: -7179.86,-411.574,-272.315
Dof: 0.0 0.0 1.0
Up: 0.0 1.0 0.0
Right: -1.0 0.0 0.0
Name:nHangar_01
Translation: -7353.86,-815.196,4068.48
Dof: -0.00464725 0.0 0.532524
Up: 0.0 0.410914 0.0
Right: -0.288631 0.0 -0.00251884
Name:nHangar_02
Translation: -7354.33,-815.196,4323.15
Dof: 0.0 0.0 0.532544
Up: 0.0 0.410914 0.0
Right: -0.288642 0.0 0.0
Name:plane4_01
Translation: -7031.77,-819.169,4897.86
Dof: -6.23288 -1.85761e-007 -0.0543937
Up: 1.90618e-007 -6.23312 5.55642e-007
Right: 0.0543937 5.57284e-007 -6.23288
Name:plane4_02
Translation: -6822.29,-819.169,4897.12
Dof: -6.23288 -1.85761e-007 -0.0543937
Up: 1.90618e-007 -6.23312 5.55642e-007
Right: 0.0543937 5.57284e-007 -6.23288
Dele:pbridge_02
Translation: -872.35,-189.14,3330.09
Dof: 0.984808 0.0 -0.173648
Up: 0.0 1.0 0.0
Right: 0.173648 0.0 0.984808
Dele:pbridge_03
Translation: -85.1255,-189.14,3191.29
Dof: 0.984808 0.0 -0.173648
Up: 0.0 1.0 0.0
Right: 0.173648 0.0 0.984808
Dele:pbridge_04
Translation: 702.117,-189.14,3052.47
Dof: 0.984808 0.0 -0.173648
Up: 0.0 1.0 0.0
Right: 0.173648 0.0 0.984808
Name:pbridge_05
Translation: -8529.65,-245.16,897.952
Dof: 0.0 0.0 1.0
Up: 0.0 1.0 0.0
Right: -1.0 0.0 0.0
Name:pbridge_06
Translation: -8529.65,-245.16,1695.23
Dof: 0.0 0.0 1.0
Up: 0.0 1.0 0.0
Right: -1.0 0.0 0.0
Name:pbridge_07
Translation: -8529.65,-245.16,3290.07
Dof: 0.0 0.0 1.0
Up: 0.0 1.0 0.0
Right: -1.0 0.0 0.0
Name:pbridge_08
Translation: -8529.65,-245.16,2492.78
Dof: 0.0 0.0 1.0
Up: 0.0 1.0 0.0
Right: -1.0 0.0 0.0
Name:fence_01
Translation: -6695.29,-815.22,5053.84
Dof: -0.0174524 0.0 0.999848
Up: 0.0 1.0 0.0
Right: -0.999848 0.0 -0.0174524
Name:fence_02
Translation: -6694.21,-815.22,4923.41
Dof: 0.0 0.0 1.0
Up: 0.0 1.0 0.0
Right: -1.0 0.0 0.0
Name:fence_03
Translation: -6694.35,-815.22,4793.13
Dof: 0.0 0.0 1.0
Up: 0.0 1.0 0.0
Right: -1.0 0.0 0.0
Name:fence_04
Translation: -6694.32,-815.22,4662.66
Dof: 0.0 0.0 1.0
Up: 0.0 1.0 0.0
Right: -1.0 0.0 0.0
Name:fence_05
Translation: -6694.34,-815.22,4532.45
Dof: 0.0 0.0 1.0
Up: 0.0 1.0 0.0
Right: -1.0 0.0 0.0
Name:fence_06
Translation: -6694.45,-815.22,4402.16
Dof: 0.0 0.0 1.0
Up: 0.0 1.0 0.0
Right: -1.0 0.0 0.0
Name:fence_07
Translation: -6693.91,-815.22,4271.93
Dof: 0.0 0.0 1.0
Up: 0.0 1.0 0.0
Right: -1.0 0.0 0.0
Name:fence_08
Translation: -6693.88,-815.22,4141.4
Dof: 0.0 0.0 1.0
Up: 0.0 1.0 0.0
Right: -1.0 0.0 0.0
Name:fence_09
Translation: -6694.0,-815.22,4011.3
Dof: 0.0 0.0 1.0
Up: 0.0 1.0 0.0
Right: -1.0 0.0 0.0
Name:fence_10
Translation: -6694.11,-815.22,3881.39
Dof: 0.0 0.0 1.0
Up: 0.0 1.0 0.0
Right: -1.0 0.0 0.0
Name:fence_11
Translation: -6694.26,-815.22,3751.36
Dof: 0.0 0.0 1.0
Up: 0.0 1.0 0.0
Right: -1.0 0.0 0.0
Name:fence_12
Translation: -6694.12,-815.22,3621.35
Dof: 0.0 0.0 1.0
Up: 0.0 1.0 0.0
Right: -1.0 0.0 0.0
Name:fence_13
Translation: -6694.32,-815.22,3490.97
Dof: 0.0 0.0 1.0
Up: 0.0 1.0 0.0
Right: -1.0 0.0 0.0
Name:fence_14
Translation: -6694.48,-815.22,3361.2
Dof: 0.0 0.0 1.0
Up: 0.0 1.0 0.0
Right: -1.0 0.0 0.0
Name:fence_15
Translation: -6694.45,-815.22,3231.05
Dof: 0.0 0.0 1.0
Up: 0.0 1.0 0.0
Right: -1.0 0.0 0.0
Name:fence_16
Translation: -6694.45,-815.22,3100.38
Dof: 0.0 0.0 1.0
Up: 0.0 1.0 0.0
Right: -1.0 0.0 0.0
Name:fence_17
Translation: -6694.31,-815.22,2970.52
Dof: 0.0 0.0 1.0
Up: 0.0 1.0 0.0
Right: -1.0 0.0 0.0
Name:fence_18
Translation: -6694.45,-815.22,2840.16
Dof: 0.0 0.0 1.0
Up: 0.0 1.0 0.0
Right: -1.0 0.0 0.0
Name:fence_19
Translation: -6694.43,-815.22,2710.25
Dof: 0.0 0.0 1.0
Up: 0.0 1.0 0.0
Right: -1.0 0.0 0.0
Name:fence_20
Translation: -6694.66,-815.22,2579.36
Dof: 0.0 0.0 1.0
Up: 0.0 1.0 0.0
Right: -1.0 0.0 0.0
Name:fence_21
Translation: -6694.68,-815.22,2449.46
Dof: 0.0 0.0 1.0
Up: 0.0 1.0 0.0
Right: -1.0 0.0 0.0
Name:fence_22
Translation: -6694.66,-815.22,2318.88
Dof: 0.0 0.0 1.0
Up: 0.0 1.0 0.0
Right: -1.0 0.0 0.0
Name:fence_23
Translation: -6694.8,-815.22,2188.87
Dof: 0.0 0.0 1.0
Up: 0.0 1.0 0.0
Right: -1.0 0.0 0.0
Name:fence_24
Translation: -6694.65,-815.22,2058.52
Dof: 0.0 0.0 1.0
Up: 0.0 1.0 0.0
Right: -1.0 0.0 0.0
Name:fence_25
Translation: -6761.1,-815.22,5119.78
Dof: -0.999962 0.0 0.00872647
Up: 0.0 1.0 0.0
Right: -0.00872647 0.0 -0.999962
Name:fence_26
Translation: -6892.21,-815.22,5119.78
Dof: -0.999962 0.0 0.00872647
Up: 0.0 1.0 0.0
Right: -0.00872647 0.0 -0.999962
Name:fence_27
Translation: -7022.83,-815.22,5119.78
Dof: -0.999962 0.0 0.00872647
Up: 0.0 1.0 0.0
Right: -0.00872647 0.0 -0.999962

Name:ghouse_01
Translation: -7310.128418,-816.465698,4625.281738
Dof: -0.034125 0.000000 0.999418
Up: 0.000000 1.000000 0.000000
Right: -0.999418 0.000000 -0.034125
Name:plane_01
Translation: -7292.283691,-835.688049,4321.222656
Dof: 0.027393 0.000000 -0.999625
Up: 0.000000 1.000000 0.000000
Right: 0.999625 0.000000 0.027393
Name:plane_01
Translation: -7285.040039,-840.771973,4067.258301
Dof: 0.027393 0.000000 -0.999625
Up: 0.000000 1.000000 0.000000
Right: 0.999625 0.000000 0.027393
Dele:amobuil_01
Translation: 177.293365,-148.569778,-111.559357
Dof: 0.025157 0.000000 0.999684
Up: 0.000000 1.000000 0.000000
Right: -0.999684 0.000000 0.025157
Name:amobuil_01
Translation: 572.617676,-148.569778,226.796936
Dof: 0.999995 0.000000 -0.003208
Up: 0.000000 1.000000 0.000000
Right: 0.003208 0.000000 0.999995
Dele:tank_01
Translation: 649.023010,-161.569763,-43.680328
Dof: -0.009451 0.000000 0.999955
Up: 0.000000 1.000000 0.000000
Right: -0.999955 0.000000 -0.009451
Dele:tank_01
Translation: 650.553711,-161.569778,-205.773788
Dof: -0.009451 0.000000 0.999955
Up: 0.000000 1.000000 0.000000
Right: -0.999955 0.000000 -0.009451
Dele:tank_01
Translation: 177.357391,-161.569763,-214.078506
Dof: -0.017145 0.000000 -0.999853
Up: 0.000000 1.000000 0.000000
Right: 0.999853 0.000000 -0.017145
Dele:gggun_01
Translation: -1066.677734,-536.883911,4273.487305
Dof: 0.856722 0.000000 0.515779
Up: 0.000000 1.000000 0.000000
Right: -0.515779 0.000000 0.856722
Dele:gggun_01
Translation: -639.894409,-497.668457,-1191.758789
Dof: 0.051095 0.000000 0.998694
Up: 0.000000 1.000000 0.000000
Right: -0.998694 0.000000 0.051095
Dele:plane3_01
Translation: -161.088242,-165.267517,2800.250732
Dof: 0.669909 0.000000 -0.742443
Up: 0.000000 1.000000 0.000000
Right: 0.742443 0.000000 0.669909
Name:rtable_01
Translation: 581.774109,-150.926315,244.047180
Dof: -0.028683 0.000000 -0.999589
Up: 0.000000 1.000000 0.000000
Right: 0.999589 0.000000 -0.028683
Name:rstol_01
Translation: 583.773804,-151.926315,261.643463
Dof: -0.412718 0.000000 -0.910859
Up: 0.000000 1.000000 0.000000
Right: 0.910859 0.000000 -0.412718

Name:hylla_01
Translation: 548.065063,-150.426315,284.547913
Dof: 0.999850 0.000000 -0.017305
Up: 0.000000 1.000000 0.000000
Right: 0.017305 0.000000 0.999850
Name:hylla_01
Translation: 547.684448,-150.426315,262.551208
Dof: 0.999850 0.000000 -0.017305
Up: 0.000000 1.000000 0.000000
Right: 0.017305 0.000000 0.999850
Name:fackla_01
Translation: 609.595276,-173.426315,300.093201
Dof: 0.219171 0.000000 -0.975686
Up: 0.000000 1.000000 0.000000
Right: 0.975686 0.000000 0.219171
Name:toolbox_01
Translation: 594.547913,-161.581314,242.607071
Dof: 0.999008 0.000000 -0.044527
Up: 0.000000 1.000000 0.000000
Right: 0.044527 0.000000 0.999008
Name:toolbox_01
Translation: 588.553284,-161.596039,242.874680
Dof: 0.999008 0.000000 -0.044527
Up: 0.000000 1.000000 0.000000
Right: 0.044527 0.000000 0.999008
Name:rtable_01
Translation: -7424.266113,-815.465759,4324.720703
Dof: -0.999914 0.000000 0.013125
Up: 0.000000 1.000000 0.000000
Right: -0.013125 0.000000 -0.999914
Name:hylla_01
Translation: -7429.407715,-819.605347,4099.928223
Dof: -0.997905 0.000000 -0.064704
Up: 0.000000 1.000000 0.000000
Right: 0.064704 0.000000 -0.997905
Name:rtable_01
Translation: -7420.323730,-822.050171,4031.014404
Dof: -0.999769 0.000000 -0.021484
Up: 0.000000 1.000000 0.000000
Right: 0.021484 0.000000 -0.999769
Name:hylla_01
Translation: -7282.805176,-817.810181,4664.962402
Dof: 0.999565 0.000000 0.029495
Up: 0.000000 1.000000 0.000000
Right: -0.029495 0.000000 0.999565
Name:rstol_01
Translation: -7284.341309,-816.810181,4604.663574
Dof: 0.016839 0.000000 -0.999858
Up: 0.000000 1.000000 0.000000
Right: 0.999858 0.000000 0.016839
Name:parachu_01
Translation: -7419.787109,-828.608215,4306.807129
Dof: 0.052996 0.000000 0.998595
Up: 0.000000 1.000000 0.000000
Right: -0.998595 0.000000 0.052996
Dele:car2_01
Translation: 453.566986,-165.069778,263.412323
Dof: -0.065806 0.000000 0.997832
Up: 0.000000 1.000000 0.000000
Right: -0.997832 0.000000 -0.065806
Name:motorcyc_01
Translation: 461.393585,-165.069778,211.547485
Dof: -0.084229 0.000000 0.996446
Up: 0.000000 1.000000 0.000000
Right: -0.996446 0.000000 -0.084229
Dele:shed_01
Translation: -327.166626,-152.083664,2728.000000
Dof: -0.822504 0.000000 -0.568760
Up: 0.000000 1.000000 0.000000
Right: 0.568760 0.000000 -0.822504
Dele:rstol_01
Translation: -346.825165,-154.779953,2715.226318
Dof: -0.563830 0.000000 0.825891
Up: 0.000000 1.000000 0.000000
Right: -0.825891 0.000000 -0.563830
Dele:parachu_01
Translation: -346.687836,-163.413528,2715.423096
Dof: -0.989480 0.000000 -0.144670
Up: 0.000000 1.000000 0.000000
Right: 0.144670 0.000000 -0.989480
Name:toolbox_01
Translation: -361.618134,-160.099457,2748.555664
Dof: -0.605511 0.000000 0.795837
Up: 0.000000 1.000000 0.000000
Right: -0.795837 0.000000 -0.605511
Name:rtable_01
Translation: 178.425003,-150.926315,-148.322937
Dof: -0.999985 0.000000 -0.005457
Up: 0.000000 1.000000 0.000000
Right: 0.005457 0.000000 -0.999985
Name:toolbox_01
Translation: 177.265182,-161.651810,-132.431793
Dof: -0.016493 0.000000 -0.999864
Up: 0.000000 1.000000 0.000000
Right: 0.999864 0.000000 -0.016493
Name:toolbox_01
Translation: 176.763214,-161.623291,-146.276505
Dof: -0.511507 0.000000 -0.859279
Up: 0.000000 1.000000 0.000000
Right: 0.859279 0.000000 -0.511507
Name:toolbox_01
Translation: -7424.382324,-826.179260,4335.632324
Dof: -0.026128 0.000000 0.999659
Up: 0.000000 1.000000 0.000000
Right: -0.999659 0.000000 -0.026128
Name:toolbox_01
Translation: -7418.691895,-833.196777,4027.022217
Dof: 0.719621 0.000000 0.694367
Up: 0.000000 1.000000 0.000000
Right: -0.694367 0.000000 0.719621
Name:hylla_01
Translation: 106.775299,-151.426315,-121.618820
Dof: -1.000000 0.000000 0.000639
Up: 0.000000 1.000000 0.000000
Right: -0.000639 0.000000 -1.000000
Name:aagun3_01
Translation: -1020.853577,-397.867950,3350.443604
Dof: -0.492374 0.000000 0.870384
Up: 0.000000 1.000000 0.000000
Right: -0.870384 0.000000 -0.492374
Dele:aagun3_01
Translation: 234.991943,-149.569763,196.451584
Dof: 0.821939 0.000000 0.569575
Up: 0.000000 1.000000 0.000000
Right: -0.569575 0.000000 0.821939
Name:rockets_01
Translation: 548.944275,-161.826309,257.240845
Dof: -0.038608 0.000000 -0.999254
Up: 0.000000 1.000000 0.000000
Right: 0.999254 0.000000 -0.038608
Name:rockets_01
Translation: 549.376892,-161.826309,279.118561
Dof: -0.038608 0.000000 -0.999254
Up: 0.000000 1.000000 0.000000
Right: 0.999254 0.000000 -0.038608
Name:rockets_01
Translation: 546.234558,-161.826309,266.975220
Dof: -0.359211 0.000000 0.933256
Up: 0.000000 1.000000 0.000000
Right: -0.933256 0.000000 -0.359211
Name:rockets_01
Translation: 546.451538,-161.826309,289.438171
Dof: 0.013299 0.000000 0.999912
Up: 0.000000 1.000000 0.000000
Right: -0.999912 0.000000 0.013299
Name:rockets_01
Translation: 105.162697,-162.826309,-125.949310
Dof: -0.021310 0.000000 0.999773
Up: 0.000000 1.000000 0.000000
Right: -0.999773 0.000000 -0.021310
Name:rockets_01
Translation: 105.168579,-162.826309,-116.736000
Dof: -0.021310 0.000000 0.999773
Up: 0.000000 1.000000 0.000000
Right: -0.999773 0.000000 -0.021310
Name:rockets_01
Translation: -7431.222656,-831.032776,4095.544189
Dof: -0.038608 0.000000 0.999254
Up: 0.000000 1.000000 0.000000
Right: -0.999254 0.000000 -0.038608
Name:rockets_01
Translation: -7431.569824,-830.822021,4104.519043
Dof: -0.038608 0.000000 0.999254
Up: 0.000000 1.000000 0.000000
Right: -0.999254 0.000000 -0.038608
Name:rockets_01
Translation: -7421.329102,-826.711792,4315.501953
Dof: 0.012020 0.000000 0.999928
Up: 0.000000 1.000000 0.000000
Right: -0.999928 0.000000 0.012020
Name:rockets_01
Translation: -7421.186523,-826.465759,4327.629883
Dof: 0.012020 0.000000 0.999928
Up: 0.000000 1.000000 0.000000
Right: -0.999928 0.000000 0.012020
Name:rockets_01
Translation: -7118.769531,-822.935059,4873.371582
Dof: -0.054618 0.000000 -0.998507
Up: 0.000000 1.000000 0.000000
Right: 0.998507 0.000000 -0.054618
Name:rockets_01
Translation: -7117.898438,-823.597412,4889.248535
Dof: -0.054618 0.000000 -0.998507
Up: 0.000000 1.000000 0.000000
Right: 0.998507 0.000000 -0.054618
Name:rockets_01
Translation: -7117.027344,-824.259766,4905.125488
Dof: -0.054618 0.000000 -0.998507
Up: 0.000000 1.000000 0.000000
Right: 0.998507 0.000000 -0.054618
Name:rockets_01
Translation: -7116.156250,-824.922058,4921.002441
Dof: -0.054618 0.000000 -0.998507
Up: 0.000000 1.000000 0.000000
Right: 0.998507 0.000000 -0.054618
Name:rockets_01
Translation: -6902.265137,-816.342773,4888.697266
Dof: -0.054618 0.000000 -0.998507
Up: 0.000000 1.000000 0.000000
Right: 0.998507 0.000000 -0.054618
Name:rockets_01
Translation: -6901.370605,-816.963806,4904.490234
Dof: -0.054618 0.000000 -0.998507
Up: 0.000000 1.000000 0.000000
Right: 0.998507 0.000000 -0.054618
Name:rockets_01
Translation: -6900.359863,-817.662048,4922.251953
Dof: -0.054618 0.000000 -0.998507
Up: 0.000000 1.000000 0.000000
Right: 0.998507 0.000000 -0.054618
Name:rockets_01
Translation: -6899.462402,-818.282837,4938.041992
Dof: -0.054618 0.000000 -0.998507
Up: 0.000000 1.000000 0.000000
Right: 0.998507 0.000000 -0.054618
Name:rockets_01
Translation: -336.075897,-159.644852,2765.077148
Dof: -0.582813 0.000000 0.812606
Up: 0.000000 1.000000 0.000000
Right: -0.812606 0.000000 -0.582813
Name:rockets_01
Translation: -333.265259,-158.478867,2756.143799
Dof: 0.069977 0.000000 0.997549
Up: 0.000000 1.000000 0.000000
Right: -0.997549 0.000000 0.069977
Name:amopack_01
Translation: -325.057983,-157.725113,2747.427979
Dof: 0.861322 0.000000 0.508059
Up: 0.000000 1.000000 0.000000
Right: -0.508059 0.000000 0.861322
Name:amopack_01
Translation: -317.822876,-157.725113,2751.695557
Dof: 0.861322 0.000000 0.508059
Up: 0.000000 1.000000 0.000000
Right: -0.508059 0.000000 0.861322
Name:amopack_01
Translation: -314.368073,-156.525116,2745.838623
Dof: 0.861322 0.000000 0.508059
Up: 0.000000 1.000000 0.000000
Right: -0.508059 0.000000 0.861322
Name:amopack_01
Translation: -321.603180,-156.525116,2741.571045
Dof: 0.861322 0.000000 0.508059
Up: 0.000000 1.000000 0.000000
Right: -0.508059 0.000000 0.861322
Name:amopack_01
Translation: 547.643250,-152.826324,289.744171
Dof: -0.017479 0.000000 -0.999847
Up: 0.000000 1.000000 0.000000
Right: 0.999847 0.000000 -0.017479
Name:amopack_01
Translation: 547.534912,-152.826324,283.545135
Dof: -0.017479 0.000000 -0.999847
Up: 0.000000 1.000000 0.000000
Right: 0.999847 0.000000 -0.017479
Name:amopack_01
Translation: 547.430054,-152.826324,277.546051
Dof: -0.017479 0.000000 -0.999847
Up: 0.000000 1.000000 0.000000
Right: 0.999847 0.000000 -0.017479
Name:amopack_01
Translation: 549.295776,-152.826324,269.244415
Dof: 0.052706 0.000000 0.998610
Up: 0.000000 1.000000 0.000000
Right: -0.998610 0.000000 0.052706
Name:amopack_01
Translation: 548.958435,-152.826324,262.853302
Dof: 0.052706 0.000000 0.998610
Up: 0.000000 1.000000 0.000000
Right: -0.998610 0.000000 0.052706
Name:amopack_01
Translation: 548.642212,-152.826324,256.861633
Dof: 0.052706 0.000000 0.998610
Up: 0.000000 1.000000 0.000000
Right: -0.998610 0.000000 0.052706
Name:amopack_01
Translation: 107.216240,-153.626328,-127.810158
Dof: 0.009467 0.000000 0.999955
Up: 0.000000 1.000000 0.000000
Right: -0.999955 0.000000 0.009467
Name:amopack_01
Translation: 107.274925,-153.626328,-121.610435
Dof: 0.009467 0.000000 0.999955
Up: 0.000000 1.000000 0.000000
Right: -0.999955 0.000000 0.009467
Name:amopack_01
Translation: -7283.452148,-829.110168,4670.325195
Dof: -0.000175 0.000000 -1.000000
Up: 0.000000 1.000000 0.000000
Right: 1.000000 0.000000 -0.000175
Name:amopack_01
Translation: -7281.629395,-829.110168,4658.180664
Dof: 0.998844 0.000000 -0.048066
Up: 0.000000 1.000000 0.000000
Right: 0.048066 0.000000 0.998844
Name:amopack_01
Translation: -7282.963867,-829.110168,4663.832031
Dof: -0.172365 0.000000 -0.985033
Up: 0.000000 1.000000 0.000000
Right: 0.985033 0.000000 -0.172365
Name:amopack_01
Translation: -7422.953613,-816.265747,4353.495605
Dof: -0.010395 0.000000 0.999946
Up: 0.000000 1.000000 0.000000
Right: -0.999946 0.000000 -0.010395
Name:amopack_01
Translation: -7418.015137,-816.265747,4352.673340
Dof: -0.891499 0.000000 0.453023
Up: 0.000000 1.000000 0.000000
Right: -0.453023 0.000000 -0.891499
Name:amopack_01
Translation: -7420.345703,-816.265747,4358.594727
Dof: 0.001103 0.000000 -0.999999
Up: 0.000000 1.000000 0.000000
Right: 0.999999 0.000000 0.001103
Name:amopack_01
Translation: -7428.848145,-821.923706,4095.416016
Dof: -0.549259 0.000000 0.835652
Up: 0.000000 1.000000 0.000000
Right: -0.835652 0.000000 -0.549259
Name:amopack_01
Translation: -7430.612305,-821.989807,4106.728516
Dof: -0.998338 0.000000 -0.057633
Up: 0.000000 1.000000 0.000000
Right: 0.057633 0.000000 -0.998338
Name:amopack_01
Translation: -7429.203125,-821.984070,4101.945313
Dof: -0.053633 0.000000 0.998561
Up: 0.000000 1.000000 0.000000
Right: -0.998561 0.000000 -0.053633
Name:fueltank_01
Translation: -7420.468262,-826.665771,4342.674805
Dof: -0.028684 0.000000 0.999589
Up: 0.000000 1.000000 0.000000
Right: -0.999589 0.000000 -0.028684
Name:fueltank_01
Translation: 547.799377,-170.826309,256.747345
Dof: 0.021950 0.000000 -0.999759
Up: 0.000000 1.000000 0.000000
Right: 0.999759 0.000000 0.021950
Name:fueltank_01
Translation: 106.352867,-153.826324,-115.755676
Dof: 0.003367 0.000000 0.999994
Up: 0.000000 1.000000 0.000000
Right: -0.999994 0.000000 0.003367
Name:fueltank_01
Translation: 548.022278,-170.826324,265.716278
Dof: -0.028683 0.000000 -0.999589
Up: 0.000000 1.000000 0.000000
Right: 0.999589 0.000000 -0.028683
Name:fueltank_01
Translation: 548.138428,-170.826324,279.546906
Dof: -0.020033 0.000000 -0.999799
Up: 0.000000 1.000000 0.000000
Right: 0.999799 0.000000 -0.020033
Name:fueltank_01
Translation: 548.298584,-170.826324,287.545258
Dof: -0.020033 0.000000 -0.999799
Up: 0.000000 1.000000 0.000000
Right: 0.999799 0.000000 -0.020033
Name:fueltank_01
Translation: -364.968750,-159.081390,2739.579346
Dof: 0.047732 0.000000 0.998860
Up: 0.000000 1.000000 0.000000
Right: -0.998860 0.000000 0.047732

Name:fueltank_01
Translation: -7329.773926,-828.510193,4590.122559
Dof: -0.999680 0.000000 -0.025317
Up: 0.000000 1.000000 0.000000
Right: 0.025317 0.000000 -0.999680
Name:fueltank_01
Translation: -7329.981445,-828.510193,4598.319824
Dof: -0.999680 0.000000 -0.025317
Up: 0.000000 1.000000 0.000000
Right: 0.025317 0.000000 -0.999680
Name:toolbox_01
Translation: -7335.975098,-828.510193,4583.835449
Dof: -0.013937 0.000000 0.999903
Up: 0.000000 1.000000 0.000000
Right: -0.999903 0.000000 -0.013937
Name:toolbox_01
Translation: -7343.342773,-828.510193,4604.472656
Dof: -0.999379 0.000000 -0.035243
Up: 0.000000 1.000000 0.000000
Right: 0.035243 0.000000 -0.999379
Dele:tank3_01
Translation: -7331.050293,-846.903320,4842.324219
Dof: 0.057809 0.000000 -0.998328
Up: 0.000000 1.000000 0.000000
Right: 0.998328 0.000000 0.057809
Dele:tank3_01
Translation: -7328.252441,-845.834534,4755.649414
Dof: 0.066444 0.000000 -0.997790
Up: 0.000000 1.000000 0.000000
Right: 0.997790 0.000000 0.066444
Dele:gggun_01
Translation: -7438.733398,-817.240784,5084.820313
Dof: 0.746433 0.000000 0.665460
Up: 0.000000 1.000000 0.000000
Right: -0.665460 0.000000 0.746433

Name:fence_01
Translation: 196.819107,-153.239624,1821.551636
Dof: 0.602180 0.000000 0.798360
Up: 0.000000 1.000000 0.000000
Right: -0.798360 0.000000 0.602180
Name:fence_01
Translation: 118.053955,-153.239624,1717.126099
Dof: 0.602180 0.000000 0.798360
Up: 0.000000 1.000000 0.000000
Right: -0.798360 0.000000 0.602180
Name:fence_01
Translation: 275.825134,-153.239624,1926.296509
Dof: 0.602180 0.000000 0.798360
Up: 0.000000 1.000000 0.000000
Right: -0.798360 0.000000 0.602180
Name:fence_01
Translation: 40.926060,-145.769470,1612.546265
Dof: 0.588275 0.000000 0.808661
Up: 0.000000 1.000000 0.000000
Right: -0.808661 0.000000 0.588275
Name:fence_01
Translation: 353.858978,-153.062347,2031.171143
Dof: 0.602181 0.000000 0.798360
Up: 0.000000 1.000000 0.000000
Right: -0.798360 0.000000 0.602181

Dele:sb_01
Translation: 648.284973,-160.069778,360.301208
Dof: 1.000000 0.000000 0.000000
Up: 0.000000 1.000000 0.000000
Right: 0.000000 0.000000 1.000000
Dele:sb_01
Translation: 870.013062,-391.438263,3124.486816
Dof: 0.943175 0.000000 0.332296
Up: 0.000000 1.000000 0.000000
Right: -0.332296 0.000000 0.943175
Dele:sb_01
Translation: 938.110291,-391.438263,3148.478516
Dof: 0.943175 0.000000 0.332296
Up: 0.000000 1.000000 0.000000
Right: -0.332296 0.000000 0.943175
Dele:sb_01
Translation: 993.457703,-391.438263,3163.263916
Dof: 0.954109 0.000000 0.299459
Up: 0.000000 1.000000 0.000000
Right: -0.299459 0.000000 0.954109
Dele:sb_01
Translation: 930.021606,-391.438263,3144.786133
Dof: 0.968364 0.000000 0.249544
Up: 0.000000 1.000000 0.000000
Right: -0.249544 0.000000 0.968364
Dele:sb_01
Translation: 1097.816406,-391.438293,3089.651367
Dof: 0.771460 0.000000 -0.636278
Up: 0.000000 1.000000 0.000000
Right: 0.636278 0.000000 0.771460
Dele:sb_01
Translation: 972.972168,-391.438293,3145.559326
Dof: 0.988289 0.000000 -0.152594
Up: 0.000000 1.000000 0.000000
Right: 0.152594 0.000000 0.988289
Dele:sb_01
Translation: 1040.093506,-391.438263,3129.649658
Dof: 0.908932 0.000000 -0.416945
Up: 0.000000 1.000000 0.000000
Right: 0.416945 0.000000 0.908932
Dele:sb_01
Translation: 1108.696411,-391.438263,3054.202637
Dof: 0.238505 0.000000 -0.971141
Up: 0.000000 1.000000 0.000000
Right: 0.971141 0.000000 0.238505
Dele:sb_01
Translation: 1085.127808,-391.438293,3087.215820
Dof: 0.865192 0.000000 -0.501440
Up: 0.000000 1.000000 0.000000
Right: 0.501440 0.000000 0.865192
Dele:sb_01
Translation: 1077.113892,-391.438293,3091.205078
Dof: 0.938613 0.000000 -0.344971
Up: 0.000000 1.000000 0.000000
Right: 0.344971 0.000000 0.938613
Dele:sb_01
Translation: -1064.987183,-397.667969,3326.104980
Dof: -0.509308 0.000000 0.860584
Up: 0.000000 1.000000 0.000000
Right: -0.860584 0.000000 -0.509308
Dele:sb_01
Translation: -1020.835510,-397.667969,3289.513672
Dof: -0.949789 0.000000 0.312892
Up: 0.000000 1.000000 0.000000
Right: -0.312892 0.000000 -0.949789
Dele:sb_01
Translation: -1073.865601,-397.667969,3384.092773
Dof: 0.199752 0.000000 0.979847
Up: 0.000000 1.000000 0.000000
Right: -0.979847 0.000000 0.199752
Name:sb_01
Translation: -1063.100220,-397.667969,3326.335693
Dof: -0.487916 0.000000 0.872891
Up: 0.000000 1.000000 0.000000
Right: -0.872891 0.000000 -0.487916
Name:sb_01
Translation: -1025.397461,-397.667969,3293.515137
Dof: -0.916266 0.000000 0.400570
Up: 0.000000 1.000000 0.000000
Right: -0.400570 0.000000 -0.916266
Name:sb_01
Translation: -974.867798,-397.667969,3290.331543
Dof: -0.970023 0.000000 -0.243014
Up: 0.000000 1.000000 0.000000
Right: 0.243014 0.000000 -0.970023
Name:sb_01
Translation: -1073.087402,-397.667969,3376.641113
Dof: 0.155924 0.000000 0.987769
Up: 0.000000 1.000000 0.000000
Right: -0.987769 0.000000 0.155924
Dele:sb_01
Translation: 205.404282,-149.669769,239.631958
Dof: 0.822107 0.000000 0.569333
Up: 0.000000 1.000000 0.000000
Right: -0.569333 0.000000 0.822107
Dele:sb_01
Translation: 172.753723,-149.669769,200.275726
Dof: 0.407741 0.000000 0.913098
Up: 0.000000 1.000000 0.000000
Right: -0.913098 0.000000 0.407741
Dele:sb_01
Translation: 165.461868,-149.669769,148.064606
Dof: -0.141970 0.000000 0.989871
Up: 0.000000 1.000000 0.000000
Right: -0.989871 0.000000 -0.141970
Dele:sb_01
Translation: 254.550262,-149.669769,256.400085
Dof: 0.998653 0.000000 0.051893
Up: 0.000000 1.000000 0.000000
Right: -0.051893 0.000000 0.998653
Dele:aagun3_01
Translation: 224.932007,-149.869766,183.367813
Dof: 0.522491 0.000000 0.852645
Up: 0.000000 1.000000 0.000000
Right: -0.852645 0.000000 0.522491
Dele:sb_01
Translation: 215.533890,-165.069763,190.386322
Dof: 0.544446 0.000000 0.838796
Up: 0.000000 1.000000 0.000000
Right: -0.838796 0.000000 0.544446
Dele:sb_01
Translation: 221.552170,-165.069763,147.092468
Dof: -0.752584 0.000000 0.658496
Up: 0.000000 1.000000 0.000000
Right: -0.658496 0.000000 -0.752584
Dele:sb_01
Translation: 258.308899,-165.069748,202.143448
Dof: 0.896675 0.000000 -0.442690
Up: 0.000000 1.000000 0.000000
Right: 0.442690 0.000000 0.896675
Name:sb_01
Translation: 108.141190,-149.669708,261.918091
Dof: 0.667970 0.000000 0.744188
Up: 0.000000 1.000000 0.000000
Right: -0.744188 0.000000 0.667970
Name:sb_01
Translation: 106.367592,-149.669708,211.163101
Dof: -0.614394 0.000000 0.788999
Up: 0.000000 1.000000 0.000000
Right: -0.788999 0.000000 -0.614394
Name:sb_01
Translation: 159.277191,-149.669693,268.592651
Dof: 0.836608 0.000000 -0.547802
Up: 0.000000 1.000000 0.000000
Right: 0.547802 0.000000 0.836608
Name:aagun3_01
Translation: 138.528442,-150.069733,236.784241
Dof: 0.687061 0.000000 0.726600
Up: 0.000000 1.000000 0.000000
Right: -0.726600 0.000000 0.687061
Name:sb_01
Translation: -682.110901,-491.477875,-1189.038208
Dof: 0.004645 0.000000 0.999989
Up: 0.000000 1.000000 0.000000
Right: -0.999989 0.000000 0.004645
Name:sb_01
Translation: -651.355957,-493.839478,-1228.022949
Dof: -0.946222 0.000000 0.323517
Up: 0.000000 1.000000 0.000000
Right: -0.323517 0.000000 -0.946222
Name:sb_01
Translation: -651.404053,-494.150391,-1150.445435
Dof: 0.946429 0.000000 0.322913
Up: 0.000000 1.000000 0.000000
Right: -0.322913 0.000000 0.946429
Name:gggun_01
Translation: -646.462158,-497.069031,-1187.111084
Dof: -0.038609 0.000000 0.999254
Up: 0.000000 1.000000 0.000000
Right: -0.999254 0.000000 -0.038609
Name:sb_01
Translation: -1091.707031,-535.883911,4282.650879
Dof: 0.492673 0.000000 0.870215
Up: 0.000000 1.000000 0.000000
Right: -0.870215 0.000000 0.492673
Name:sb_01
Translation: -1047.344116,-535.883911,4304.914063
Dof: 1.000000 0.000000 0.000001
Up: 0.000000 1.000000 0.000000
Right: -0.000001 0.000000 1.000000
Name:gggun_01
Translation: -1055.500732,-536.483948,4269.697266
Dof: 0.872494 0.000000 0.488625
Up: 0.000000 1.000000 0.000000
Right: -0.488625 0.000000 0.872494
Name:sb_01
Translation: -7460.738770,-816.238159,5100.997559
Dof: 0.717843 0.000000 0.696205
Up: 0.000000 1.000000 0.000000
Right: -0.696205 0.000000 0.717843
Name:sb_01
Translation: -7413.867188,-818.114441,5114.097168
Dof: 0.974801 0.000000 -0.223077
Up: 0.000000 1.000000 0.000000
Right: 0.223077 0.000000 0.974801
Name:sb_01
Translation: -7474.987305,-816.206421,5053.260742
Dof: -0.218549 0.000000 0.975826
Up: 0.000000 1.000000 0.000000
Right: -0.975826 0.000000 -0.218549
Dele:sb_01
Translation: -7444.622559,-816.215515,5017.251465
Dof: -0.924905 0.000000 0.380199
Up: 0.000000 1.000000 0.000000
Right: -0.380199 0.000000 -0.924905
Name:gggun_01
Translation: -7428.763672,-817.831665,5068.486816
Dof: 0.723840 0.000000 0.689968
Up: 0.000000 1.000000 0.000000
Right: -0.689968 0.000000 0.723840
Dele:gggun_01
Translation: -7328.671875,-475.691284,-204.318451
Dof: 0.826285 0.000000 -0.563252
Up: 0.000000 1.000000 0.000000
Right: 0.563253 0.000000 0.826285
Name:amobuil_01
Translation: 177.986343,-149.269775,-113.656845
Dof: 0.021949 0.000000 0.999759
Up: 0.000000 1.000000 0.000000
Right: -0.999759 0.000000 0.021949
Dele:car_01
Translation: 182.821487,-165.069778,-216.465302
Dof: -0.011381 0.000000 0.999935
Up: 0.000000 1.000000 0.000000
Right: -0.999935 0.000000 -0.011381
Name:car_01
Translation: 154.145660,-171.469772,-220.488037
Dof: 0.031877 0.000000 0.999492
Up: 0.000000 1.000000 0.000000
Right: -0.999492 0.000000 0.031877
Name:tank_01
Translation: 706.539429,-165.069763,-55.237587
Dof: -0.011381 0.000000 0.999935
Up: 0.000000 1.000000 0.000000
Right: -0.999935 0.000000 -0.011381
Name:tank_01
Translation: 708.057983,-165.069763,-188.625519
Dof: -0.011381 0.000000 0.999935
Up: 0.000000 1.000000 0.000000
Right: -0.999935 0.000000 -0.011381
Name:tank_01
Translation: 709.644775,-165.069778,-328.012939
Dof: -0.011381 0.000000 0.999935
Up: 0.000000 1.000000 0.000000
Right: -0.999935 0.000000 -0.011381
Name:fence_01
Translation: 787.111816,-146.869781,306.391144
Dof: -0.038608 0.000000 0.999254
Up: 0.000000 1.000000 0.000000
Right: -0.999254 0.000000 -0.038608
Name:fence_01
Translation: 792.161804,-146.869781,175.688675
Dof: -0.038608 0.000000 0.999254
Up: 0.000000 1.000000 0.000000
Right: -0.999254 0.000000 -0.038608
Name:fence_01
Translation: 797.258057,-146.869781,43.786713
Dof: -0.038608 0.000000 0.999254
Up: 0.000000 1.000000 0.000000
Right: -0.999254 0.000000 -0.038608
Name:fence_01
Translation: 802.307251,-146.869781,-86.889938
Dof: -0.038608 0.000000 0.999254
Up: 0.000000 1.000000 0.000000
Right: -0.999254 0.000000 -0.038608
Name:fence_01
Translation: 807.334900,-146.869766,-217.000717
Dof: -0.038608 0.000000 0.999254
Up: 0.000000 1.000000 0.000000
Right: -0.999254 0.000000 -0.038608
Name:fence_01
Translation: 812.276733,-146.869766,-344.905304
Dof: -0.038608 0.000000 0.999254
Up: 0.000000 1.000000 0.000000
Right: -0.999254 0.000000 -0.038608
Name:fence_01
Translation: 717.392029,-148.069778,370.961884
Dof: -0.999968 0.000000 -0.008013
Up: 0.000000 1.000000 0.000000
Right: 0.008013 0.000000 -0.999968
Name:fence_01
Translation: 586.196167,-148.069778,369.910522
Dof: -0.999968 0.000000 -0.008013
Up: 0.000000 1.000000 0.000000
Right: 0.008013 0.000000 -0.999968
Name:fence_01
Translation: 455.262634,-148.069778,368.860931
Dof: -0.999968 0.000000 -0.008013
Up: 0.000000 1.000000 0.000000
Right: 0.008013 0.000000 -0.999968
Dele:flagbase_2
Translation: 711.065857,-149.869781,242.790009
Dof: 0.999963 0.000000 0.008653
Up: 0.000000 1.000000 0.000000
Right: -0.008653 0.000000 0.999963
Name:car_01
Translation: 462.959717,-165.069778,264.027618
Dof: 0.039247 0.000000 0.999230
Up: 0.000000 1.000000 0.000000
Right: -0.999230 0.000000 0.039247
Dele:flagbase_1
Translation: -7259.931152,-822.330566,4880.449219
Dof: 0.998088 0.000000 0.061808
Up: 0.000000 1.000000 0.000000
Right: -0.061808 0.000000 0.998088
Name:tank3_01
Translation: -7331.420410,-841.550537,4777.800293
Dof: 0.039246 0.000000 -0.999230
Up: 0.000000 1.000000 0.000000
Right: 0.999230 0.000000 0.039246
Name:tank3_01
Translation: -7334.475586,-843.606812,4854.672363
Dof: 0.039246 0.000000 -0.999230
Up: 0.000000 1.000000 0.000000
Right: 0.999230 0.000000 0.039246
Dele:flagbase_1
Translation: -6924.851563,-820.291382,5004.306152
Dof: 0.999401 0.000000 -0.034605
Up: 0.000000 1.000000 0.000000
Right: 0.034605 0.000000 0.999401
Dele:truck_01
Translation: -7336.125488,-831.465759,4485.758789
Dof: 0.047890 0.000000 -0.998853
Up: 0.000000 1.000000 0.000000
Right: 0.998853 0.000000 0.047890
Name:sb_01
Translation: -7292.583496,-820.297852,3774.240723
Dof: -0.764690 0.000000 0.644398
Up: 0.000000 1.000000 0.000000
Right: -0.644398 0.000000 -0.764690
Name:sb_01
Translation: -7245.891602,-820.411377,3771.236816
Dof: -0.840971 0.000000 -0.541080
Up: 0.000000 1.000000 0.000000
Right: 0.541080 0.000000 -0.840971
Name:sb_01
Translation: -7303.578125,-820.240662,3819.424805
Dof: 0.382724 0.000000 0.923863
Up: 0.000000 1.000000 0.000000
Right: -0.923863 0.000000 0.382724
Name:gggun_01
Translation: -7270.099121,-819.647522,3803.238525
Dof: -0.730220 0.000000 0.683212
Up: 0.000000 1.000000 0.000000
Right: -0.683212 0.000000 -0.730220
Name:car2_01
Translation: -7302.824219,-831.465698,4453.889160
Dof: -0.025144 0.000000 0.999684
Up: 0.000000 1.000000 0.000000
Right: -0.999684 0.000000 -0.025144
Name:car2_01
Translation: -7303.919434,-831.465698,4512.391602
Dof: -0.025144 0.000000 0.999684
Up: 0.000000 1.000000 0.000000
Right: -0.999684 0.000000 -0.025144
Name:truck_01
Translation: -7280.905762,-834.320374,4195.625488
Dof: 0.007202 0.000000 -0.999974
Up: 0.000000 1.000000 0.000000
Right: 0.999974 0.000000 0.007202
Name:amopack_01
Translation: -7283.338867,-820.110168,4671.099609
Dof: 0.057808 0.000000 -0.998328
Up: 0.000000 1.000000 0.000000
Right: 0.998328 0.000000 0.057808
Name:amopack_01
Translation: -7282.945801,-820.110168,4664.310547
Dof: 0.057808 0.000000 -0.998328
Up: 0.000000 1.000000 0.000000
Right: 0.998328 0.000000 0.057808
Name:amopack_01
Translation: -7282.575684,-820.110168,4657.921387
Dof: 0.057808 0.000000 -0.998328
Up: 0.000000 1.000000 0.000000
Right: 0.998328 0.000000 0.057808
Name:parachu_01
Translation: -7284.250000,-825.710205,4604.635254
Dof: -0.123551 0.000000 -0.992338
Up: 0.000000 1.000000 0.000000
Right: 0.992338 0.000000 -0.123551
Name:parachu_01
Translation: -7429.568359,-842.140869,4095.674316
Dof: -0.060997 0.000000 0.998138
Up: 0.000000 1.000000 0.000000
Right: -0.998138 0.000000 -0.060997
Name:shed_01
Translation: -330.460724,-152.301392,2723.459961
Dof: -0.819553 0.000000 -0.573003
Up: 0.000000 1.000000 0.000000
Right: 0.573003 0.000000 -0.819553
Dele:rstol_01
Translation: -353.305084,-153.654022,2708.452148
Dof: -0.999248 0.000000 0.038782
Up: 0.000000 1.000000 0.000000
Right: -0.038782 0.000000 -0.999248
Dele:parachu_01
Translation: -353.218781,-162.445007,2708.336182
Dof: -0.999248 0.000000 0.038782
Up: 0.000000 1.000000 0.000000
Right: -0.038782 0.000000 -0.999248
Name:parachu_01
Translation: -373.244690,-161.954651,2735.769043
Dof: 0.518127 0.000000 0.855304
Up: 0.000000 1.000000 0.000000
Right: -0.855304 0.000000 0.518127
Name:pbridge_02
Translation: -872.35,-189.14,3330.09
Dof: 0.984808 0.0 -0.173648
Up: 0.0 1.0 0.0
Right: 0.173648 0.0 0.984808
Name:pbridge_03
Translation: -85.1255,-189.14,3191.29
Dof: 0.984808 0.0 -0.173648
Up: 0.0 1.0 0.0
Right: 0.173648 0.0 0.984808
Name:pbridge_04
Translation: 702.117,-189.14,3052.47
Dof: 0.984808 0.0 -0.173648
Up: 0.0 1.0 0.0
Right: 0.173648 0.0 0.984808
Dele:spier3_01
Translation: -2691.117432,36.637604,5176.389160
Dof: -0.791846 0.000000 0.610720
Up: 0.000000 1.000000 0.000000
Right: -0.610720 0.000000 -0.791846
Dele:spier2_01
Translation: -2739.397705,35.473724,5132.226074
Dof: -0.764692 0.000000 0.644397
Up: 0.000000 1.000000 0.000000
Right: -0.644397 0.000000 -0.764692
Dele:spier2_01
Translation: -2694.863281,-28.889240,5178.964844
Dof: -0.759087 0.000000 0.650989
Up: 0.000000 1.000000 0.000000
Right: -0.650989 0.000000 -0.759087
Dele:spier2_01
Translation: -2706.954102,-26.470261,5141.528809
Dof: -0.770239 0.000000 0.637756
Up: 0.000000 1.000000 0.000000
Right: -0.637756 0.000000 -0.770239
Name:spier2_01
Translation: -2788.989990,44.312622,5055.955566
Dof: -0.741935 0.000000 0.670472
Up: 0.000000 1.000000 0.000000
Right: -0.670472 0.000000 -0.741935
Name:spier1_01
Translation: -2655.442383,44.312622,5203.732910
Dof: -0.741935 0.000000 0.670472
Up: 0.000000 1.000000 0.000000
Right: -0.670472 0.000000 -0.741935
Name:spier1_01
Translation: -2522.759277,44.312622,5350.427246
Dof: -0.741935 0.000000 0.670472
Up: 0.000000 1.000000 0.000000
Right: -0.670472 0.000000 -0.741935
Dele:spier3_01
Translation: -2605.359619,28.023252,5039.165527
Dof: -0.764691 0.000000 0.644397
Up: 0.000000 1.000000 0.000000
Right: -0.644397 0.000000 -0.764691

Dele:spier2_01
Translation: -2601.020508,28.064167,4859.559570
Dof: -0.536629 0.000000 0.843818
Up: 0.000000 1.000000 0.000000
Right: -0.843818 0.000000 -0.536629
Dele:spier2_01
Translation: -2602.927734,-25.801399,4861.424316
Dof: -0.529308 0.000000 0.848430
Up: 0.000000 1.000000 0.000000
Right: -0.848430 0.000000 -0.529308
Dele:spier1_01
Translation: -2434.548584,-27.717476,4966.467285
Dof: -0.529308 0.000000 0.848430
Up: 0.000000 1.000000 0.000000
Right: -0.848430 0.000000 -0.529308
Dele:wboat_01
Translation: -2715.087158,-35.796623,5050.605469
Dof: -0.769422 0.000000 0.638740
Up: 0.000000 1.000000 0.000000
Right: -0.638740 0.000000 -0.769422
Name:torpboat_01
Translation: -2886.219482,-28.098997,5072.170898
Dof: -0.741077 0.000000 0.671420
Up: 0.000000 1.000000 0.000000
Right: -0.671420 0.000000 -0.741077
Dele:wboat_01
Translation: -5839.960938,-34.548481,-378.271484
Dof: -0.116229 0.000000 -0.993222
Up: 0.000000 1.000000 0.000000
Right: 0.993222 0.000000 -0.116229
Name:spier2_01
Translation: -1173.848145,36.206585,672.592346
Dof: 0.099661 0.000000 0.995022
Up: 0.000000 1.000000 0.000000
Right: -0.995022 0.000000 0.099661
Name:spier1_01
Translation: -975.838806,36.206585,652.759888
Dof: 0.099661 0.000000 0.995022
Up: 0.000000 1.000000 0.000000
Right: -0.995022 0.000000 0.099661
Name:torpboat_01
Translation: -1187.440186,-36.201584,593.850342
Dof: 0.151161 0.000000 0.988509
Up: 0.000000 1.000000 0.000000
Right: -0.988509 0.000000 0.151161
Name:amopack_01
Translation: -1214.712646,-21.001598,663.579773
Dof: 0.039247 0.000000 0.999230
Up: 0.000000 1.000000 0.000000
Right: -0.999230 0.000000 0.039247
Name:amopack_01
Translation: -1206.718994,-21.001598,663.265808
Dof: 0.039247 0.000000 0.999230
Up: 0.000000 1.000000 0.000000
Right: -0.999230 0.000000 0.039247
Name:amopack_01
Translation: -1198.725342,-21.001598,662.951843
Dof: 0.039247 0.000000 0.999230
Up: 0.000000 1.000000 0.000000
Right: -0.999230 0.000000 0.039247
Name:amopack_01
Translation: -1190.731689,-21.001598,662.637878
Dof: 0.039247 0.000000 0.999230
Up: 0.000000 1.000000 0.000000
Right: -0.999230 0.000000 0.039247
Name:fackla_01
Translation: 195.000641,-176.126312,-55.336830
Dof: 0.003369 0.000000 -0.999994
Up: 0.000000 1.000000 0.000000
Right: 0.999994 0.000000 0.003369
Dele:zeppelin_01
Translation: 2173.452881,-188.054382,-1279.121582
Dof: 0.251566 0.000000 -0.967840
Up: 0.000000 1.000000 0.000000
Right: 0.967840 0.000000 0.251566
Dele:zeppelin_01
Translation: 2165.999268,-186.259399,-1233.940796
Dof: 0.254039 0.000000 -0.967194
Up: 0.000000 1.000000 0.000000
Right: 0.967194 0.000000 0.254039
Dele:rdrtwr2_01
Translation: 1915.594238,-148.612335,-1339.979492
Dof: -0.118769 0.000000 0.992922
Up: 0.000000 1.000000 0.000000
Right: -0.992922 0.000000 -0.118769
Dele:zeppelin_01
Translation: 2156.166992,-221.745895,-1308.031494
Dof: 0.118134 0.000000 -0.992998
Up: 0.000000 1.000000 0.000000
Right: 0.992998 0.000000 0.118134
Dele:hylla_01
Translation: 1385.154541,-175.681000,-1308.050415
Dof: 0.046615 0.000000 0.998913
Up: 0.000000 1.000000 0.000000
Right: -0.998913 0.000000 0.046615
Dele:hylla_01
Translation: 1384.357666,-174.980835,-1322.100708
Dof: 0.046615 0.000000 0.998913
Up: 0.000000 1.000000 0.000000
Right: -0.998913 0.000000 0.046615
Dele:hylla_01
Translation: 1383.012085,-173.798386,-1345.828491
Dof: 0.046615 0.000000 0.998913
Up: 0.000000 1.000000 0.000000
Right: -0.998913 0.000000 0.046615
Dele:hylla_01
Translation: 1381.602783,-174.066910,-1372.211670
Dof: 0.046615 0.000000 0.998913
Up: 0.000000 1.000000 0.000000
Right: -0.998913 0.000000 0.046615
Dele:hylla_01
Translation: 1380.491455,-176.932434,-1398.558228
Dof: 0.046615 0.000000 0.998913
Up: 0.000000 1.000000 0.000000
Right: -0.998913 0.000000 0.046615
Dele:fence_01
Translation: 497.976044,-165.069778,-65.188400
Dof: -0.157816 0.000000 -0.987469
Up: 0.000000 1.000000 0.000000
Right: 0.987469 0.000000 -0.157816
Dele:fence_01
Translation: 476.723816,-165.069778,-198.167023
Dof: -0.157816 0.000000 -0.987469
Up: 0.000000 1.000000 0.000000
Right: 0.987469 0.000000 -0.157816
Dele:fence_01
Translation: 518.554199,-165.069778,63.574162
Dof: -0.157816 0.000000 -0.987469
Up: 0.000000 1.000000 0.000000
Right: 0.987469 0.000000 -0.157816
Name:teamapos_01
Translation: -7336.373047,-821.110168,4643.887695
Dof: 0.031878 0.000000 -0.999492
Up: 0.000000 1.000000 0.000000
Right: 0.999492 0.000000 0.031878
Dele:teamapos_01
Translation: -7373.663086,-837.444458,4077.798584
Dof: 0.987115 0.000000 0.160012
Up: 0.000000 1.000000 0.000000
Right: -0.160012 0.000000 0.987115
Name:teamapos_01
Translation: -7384.593750,-824.472839,4062.736572
Dof: 0.998454 0.000000 -0.055588
Up: 0.000000 1.000000 0.000000
Right: 0.055588 0.000000 0.998454
Name:teamapos_01
Translation: -7384.730957,-819.670959,4290.026367
Dof: 0.997435 0.000000 -0.071584
Up: 0.000000 1.000000 0.000000
Right: 0.071584 0.000000 0.997435
Dele:zhatch_01
Translation: -7116.468750,-832.262085,4093.956787
Dof: 1.0 0.0 0.0
Up: 0.0 0.300706 -0.953717
Right: 0.0 -0.953717 0.300706
Dele:zhatch_01
Translation: 1967.414429,-183.942169,-1332.683960
Dof: 1.0 0.0 0.0
Up: 0.0 0.300706 -0.953717
Right: 0.0 -0.953717 0.300706
Dele:zhatch_01
Translation: 1967.197144,-264.520844,-865.291504
Dof: -0.108902 0.000000 0.994053
Up: 0.000000 1.000000 0.000000
Right: -0.994053 0.000000 -0.108902
Name:zhatch_01
Translation: 1147.271606,-249.520844,-865.291504
Dof: 1.0 0.0 0.0
Up: 0.0 0.300706 -0.953717
Right: 0.0 -0.953717 0.300706
Name:zhatch_01
Translation: 1101.271606,-249.520844,-865.291504
Dof: 1.0 0.0 0.0
Up: 0.0 0.300706 -0.953717
Right: 0.0 -0.953717 0.300706
Name:rdrtwr2_01
Translation: 1027.449829,-213.253754,-886.390137
Dof: -0.012659 0.000000 0.999920
Up: 0.000000 1.000000 0.000000
Right: -0.999920 0.000000 -0.012659
Name:zeppelin_01
Translation: 1309.389038,0.017670,-886.044983
Dof: -0.011381 0.000000 -0.999935
Up: 0.000000 1.000000 0.000000
Right: 0.999935 0.000000 -0.011381
Name:teambpos_01
Translation: 1014.985046,-259.308136,-924.430603
Dof: 0.996969 0.000000 0.077797
Up: 0.000000 1.000000 0.000000
Right: -0.077797 0.000000 0.996969
Name:hylla_01
Translation: 987.000977,-257.304047,-862.072693
Dof: -0.998686 0.000000 -0.051256
Up: 0.000000 1.000000 0.000000
Right: 0.051256 0.000000 -0.998686
Name:teambpos_01
Translation: 622.596741,-154.438400,-364.272827
Dof: 0.999951 0.000000 -0.009930
Up: 0.000000 1.000000 0.000000
Right: 0.009930 0.000000 0.999951
Name:teambpos_01
Translation: 134.968842,-155.926315,-155.004456
Dof: 0.998088 0.000000 -0.061807
Up: 0.000000 1.000000 0.000000
Right: 0.061807 0.000000 0.998088
Name:teambpos_01
Translation: 521.327881,-155.226318,244.602112
Dof: -0.022588 0.000000 -0.999745
Up: 0.000000 1.000000 0.000000
Right: 0.999745 0.000000 -0.022588
Name:teambpos_01
Translation: -306.118958,-151.021606,2674.990234
Dof: 0.841316 0.000000 0.540544
Up: 0.000000 1.000000 0.000000
Right: -0.540544 0.000000 0.841316
Dele:horuin4_01
Translation: 799.971069,-54.417511,7309.094727
Dof: 0.730657 0.000000 -0.682745
Up: 0.000000 1.000000 0.000000
Right: 0.682745 0.000000 0.730657
Dele:horuin4_01
Translation: -7854.178223,-615.946777,6077.256836
Dof: 0.727157 0.000000 -0.686471
Up: 0.000000 1.000000 0.000000
Right: 0.686471 0.000000 0.727157
Dele:snipegun_01
Translation: -7298.884766,-478.145172,-268.962006
Dof: 0.999994 0.000000 0.003541
Up: 0.000000 1.000000 0.000000
Right: -0.003541 0.000000 0.999994
Dele:amopack_01
Translation: -7306.895996,-475.745087,-265.731567
Dof: 0.999994 0.000000 0.003541
Up: 0.000000 1.000000 0.000000
Right: -0.003541 0.000000 0.999994
Dele:amopack_01
Translation: -7314.895996,-475.744995,-265.759888
Dof: 0.999994 0.000000 0.003541
Up: 0.000000 1.000000 0.000000
Right: -0.003541 0.000000 0.999994
Dele:amopack_01
Translation: -7322.895996,-475.744904,-265.788208
Dof: 0.999994 0.000000 0.003541
Up: 0.000000 1.000000 0.000000
Right: -0.003541 0.000000 0.999994
Dele:bazooka_01
Translation: 988.110291,-270.504730,-861.757446
Dof: -0.999344 0.000000 -0.036227
Up: 0.000000 1.000000 0.000000
Right: 0.036227 0.000000 -0.999344
Name:rockets_01
Translation: 986.556763,-259.695770,-865.622498
Dof: -0.058153 0.000000 0.998308
Up: 0.000000 1.000000 0.000000
Right: -0.998308 0.000000 -0.058153
Name:rockets_01
Translation: 986.044983,-259.695770,-856.837402
Dof: -0.058153 0.000000 0.998308
Up: 0.000000 1.000000 0.000000
Right: -0.998308 0.000000 -0.058153
Name:grenade_01
Translation: 990.444153,-269.100311,-869.401306
Dof: -0.049513 0.000000 0.998774
Up: 0.000000 1.000000 0.000000
Right: -0.998774 0.000000 -0.049513
Name:grenade_01
Translation: 990.364563,-269.100311,-867.803284
Dof: -0.049513 0.000000 0.998774
Up: 0.000000 1.000000 0.000000
Right: -0.998774 0.000000 -0.049513
Name:grenade_01
Translation: 990.275452,-269.100311,-866.005493
Dof: -0.049513 0.000000 0.998774
Up: 0.000000 1.000000 0.000000
Right: -0.998774 0.000000 -0.049513
Name:grenade_01
Translation: 990.186340,-269.100311,-864.207703
Dof: -0.049513 0.000000 0.998774
Up: 0.000000 1.000000 0.000000
Right: -0.998774 0.000000 -0.049513
Name:grenade_01
Translation: 990.107117,-269.100311,-862.609680
Dof: -0.049513 0.000000 0.998774
Up: 0.000000 1.000000 0.000000
Right: -0.998774 0.000000 -0.049513
Name:grenade_01
Translation: 990.027893,-269.100311,-861.011597
Dof: -0.049513 0.000000 0.998774
Up: 0.000000 1.000000 0.000000
Right: -0.998774 0.000000 -0.049513
Name:grenade_01
Translation: 989.948181,-269.099030,-859.413513
Dof: -0.049513 0.000000 0.998774
Up: 0.000000 1.000000 0.000000
Right: -0.998774 0.000000 -0.049513
Name:grenade_01
Translation: 989.868958,-269.099030,-857.815491
Dof: -0.049513 0.000000 0.998774
Up: 0.000000 1.000000 0.000000
Right: -0.998774 0.000000 -0.049513
Name:grenade_01
Translation: 989.789734,-269.099030,-856.217468
Dof: -0.049513 0.000000 0.998774
Up: 0.000000 1.000000 0.000000
Right: -0.998774 0.000000 -0.049513
Name:grenade_01
Translation: 989.670898,-269.099030,-853.820374
Dof: -0.049513 0.000000 0.998774
Up: 0.000000 1.000000 0.000000
Right: -0.998774 0.000000 -0.049513
Name:snipegun_01
Translation: 989.349854,-278.905060,-861.367004
Dof: -0.996117 0.000000 -0.088037
Up: 0.000000 1.000000 0.000000
Right: 0.088037 0.000000 -0.996117
Name:rtable_01
Translation: 1047.614624,-256.899170,-842.090576
Dof: -0.001745 0.000000 -0.999999
Up: 0.000000 1.000000 0.000000
Right: 0.999999 0.000000 -0.001745
Name:kpist_01
Translation: 1060.454346,-269.286316,-846.819824
Dof: 0.999997 0.000000 0.002262
Up: 0.000000 1.000000 0.000000
Right: -0.002262 0.000000 0.999997
Name:amopack_01
Translation: 1054.523804,-267.885742,-846.521545
Dof: 0.999980 0.000000 -0.006391
Up: 0.000000 1.000000 0.000000
Right: 0.006391 0.000000 0.999980
Name:amopack_01
Translation: 1046.523804,-267.886658,-846.470154
Dof: 0.999980 0.000000 -0.006391
Up: 0.000000 1.000000 0.000000
Right: 0.006391 0.000000 0.999980
Name:amopack_01
Translation: 1036.523804,-267.887817,-846.405823
Dof: 0.999980 0.000000 -0.006391
Up: 0.000000 1.000000 0.000000
Right: 0.006391 0.000000 0.999980
Name:kpist_01
Translation: 577.174072,-163.426315,240.539597
Dof: 0.999211 0.000000 -0.039713
Up: 0.000000 1.000000 0.000000
Right: 0.039713 0.000000 0.999211
Name:kpist_01
Translation: 182.519485,-162.526306,-165.360794
Dof: -0.024850 0.000000 0.999691
Up: 0.000000 1.000000 0.000000
Right: -0.999691 0.000000 -0.024850
Name:kpist_01
Translation: -356.828827,-160.618164,2737.762695
Dof: -0.623968 0.000000 0.781450
Up: 0.000000 1.000000 0.000000
Right: -0.781450 0.000000 -0.623968
Name:kpist_01
Translation: -7416.150391,-834.291321,4046.459473
Dof: -0.999296 0.000000 -0.037504
Up: 0.000000 1.000000 0.000000
Right: 0.037504 0.000000 -0.999296
Name:kpist_01
Translation: -7420.662109,-817.665771,4367.153809
Dof: -0.136908 0.000000 0.990584
Up: 0.000000 1.000000 0.000000
Right: -0.990584 0.000000 -0.136908
Name:kpist_01
Translation: -7332.369141,-829.510193,4606.825684
Dof: -0.999584 0.000000 -0.028856
Up: 0.000000 1.000000 0.000000
Right: 0.028856 0.000000 -0.999584
Name:shed_01
Translation: 832.042480,-50.069405,7275.801758
Dof: -0.559409 0.000000 0.828892
Up: 0.000000 1.000000 0.000000
Right: -0.828892 0.000000 -0.559409
Name:snipegun_01
Translation: 858.702759,-55.334202,7304.604492
Dof: -0.826643 0.000000 -0.562726
Up: 0.000000 1.000000 0.000000
Right: 0.562726 0.000000 -0.826643
Name:amopack_01
Translation: 846.368530,-52.271255,7319.697754
Dof: 0.711793 0.000000 -0.702389
Up: 0.000000 1.000000 0.000000
Right: 0.702389 0.000000 0.711793
Name:amopack_01
Translation: 849.803833,-52.813129,7314.304199
Dof: 0.335469 0.000000 -0.942051
Up: 0.000000 1.000000 0.000000
Right: 0.942051 0.000000 0.335470
Name:amopack_01
Translation: 843.630432,-52.915741,7315.567871
Dof: 0.991589 0.000000 0.129427
Up: 0.000000 1.000000 0.000000
Right: -0.129427 0.000000 0.991589
Name:hpacklg_01
Translation: -7284.791504,-838.110168,4673.554199
Dof: 0.072526 0.000000 -0.997367
Up: 0.000000 1.000000 0.000000
Right: 0.997367 0.000000 0.072526
Name:hpacklg_01
Translation: -7284.520508,-838.110168,4665.585449
Dof: 0.072526 0.000000 -0.997367
Up: 0.000000 1.000000 0.000000
Right: 0.997367 0.000000 0.072526
Name:hpacklg_01
Translation: -7420.874023,-833.034241,4051.612549
Dof: -0.999968 0.000000 -0.008013
Up: 0.000000 1.000000 0.000000
Right: 0.008013 0.000000 -0.999968
Name:hpacklg_01
Translation: -7418.869141,-816.265747,4375.272461
Dof: -0.055894 0.000000 0.998437
Up: 0.000000 1.000000 0.000000
Right: -0.998437 0.000000 -0.055894
Name:hpacklg_01
Translation: 567.898010,-161.626312,237.716522
Dof: 0.998718 0.000000 -0.050617
Up: 0.000000 1.000000 0.000000
Right: 0.050617 0.000000 0.998718

Name:hpacklg_01
Translation: 1027.019287,-267.900604,-840.986633
Dof: -0.045976 0.000000 -0.998943
Up: 0.000000 1.000000 0.000000
Right: 0.998943 0.000000 -0.045976
Name:hpacklg_01
Translation: 181.051178,-161.726318,-160.460251
Dof: -0.049806 0.000000 0.998759
Up: 0.000000 1.000000 0.000000
Right: -0.998759 0.000000 -0.049806
Name:hpacklg_01
Translation: -366.349548,-157.869370,2723.914551
Dof: 0.733938 0.000000 0.679216
Up: 0.000000 1.000000 0.000000
Right: -0.679216 0.000000 0.733938
Name:hpacklg_01
Translation: 829.408203,-53.609325,7305.727539
Dof: 0.903106 0.000000 0.429417
Up: 0.000000 1.000000 0.000000
Right: -0.429417 0.000000 0.903106
Name:jacket1_01
Translation: -7284.031250,-817.510193,4617.071777
Dof: 0.041801 0.000000 -0.999126
Up: 0.000000 1.000000 0.000000
Right: 0.999126 0.000000 0.041801
Name:rstol_01
Translation: 162.780502,-150.326324,-71.520348
Dof: 0.456851 0.000000 -0.889543
Up: 0.000000 1.000000 0.000000
Right: 0.889543 0.000000 0.456851
Name:jacket1_01
Translation: 110.231979,-151.926346,-150.160172
Dof: -0.007842 0.000000 0.999969
Up: 0.000000 1.000000 0.000000
Right: -0.999969 0.000000 -0.007842
Name:gasw_01
Translation: 1065.362915,-268.684509,-847.645081
Dof: 0.997927 0.000000 0.064360
Up: 0.000000 1.000000 0.000000
Right: -0.064360 0.000000 0.997927
Name:gasamo_01
Translation: 1071.968872,-257.885315,-863.031677
Dof: 0.043079 0.000000 -0.999072
Up: 0.000000 1.000000 0.000000
Right: 0.999072 0.000000 0.043079
Name:gasamo_01
Translation: 1071.908569,-257.885315,-861.632996
Dof: 0.043079 0.000000 -0.999072
Up: 0.000000 1.000000 0.000000
Right: 0.999072 0.000000 0.043079
Name:gasamo_01
Translation: 1071.856812,-257.885315,-860.434082
Dof: 0.043079 0.000000 -0.999072
Up: 0.000000 1.000000 0.000000
Right: 0.999072 0.000000 0.043079
Name:gasamo_01
Translation: 1071.805176,-257.885315,-859.235229
Dof: 0.043079 0.000000 -0.999072
Up: 0.000000 1.000000 0.000000
Right: 0.999072 0.000000 0.043079
Name:gasamo_01
Translation: 1069.607178,-257.885315,-859.330017
Dof: 0.043079 0.000000 -0.999072
Up: 0.000000 1.000000 0.000000
Right: 0.999072 0.000000 0.043079
Name:gasamo_01
Translation: 1069.658813,-257.885315,-860.528870
Dof: 0.043079 0.000000 -0.999072
Up: 0.000000 1.000000 0.000000
Right: 0.999072 0.000000 0.043079
Name:gasamo_01
Translation: 1069.710571,-257.885315,-861.727783
Dof: 0.043079 0.000000 -0.999072
Up: 0.000000 1.000000 0.000000
Right: 0.999072 0.000000 0.043079
Name:gasamo_01
Translation: 1069.770874,-257.885315,-863.126465
Dof: 0.043079 0.000000 -0.999072
Up: 0.000000 1.000000 0.000000
Right: 0.999072 0.000000 0.043079
Name:gasamo_01
Translation: 1069.770874,-257.885315,-863.126465
Dof: 0.043079 0.000000 -0.999072
Up: 0.000000 1.000000 0.000000
Right: 0.999072 0.000000 0.043079
Name:bazooka_01
Translation: 851.219971,-57.480103,7291.987793
Dof: 0.618922 0.000000 -0.785452
Up: 0.000000 1.000000 0.000000
Right: 0.785452 0.000000 0.618922
Name:rockets_01
Translation: 817.427795,-54.896774,7298.593750
Dof: 0.847844 0.000000 0.530246
Up: 0.000000 1.000000 0.000000
Right: -0.530246 0.000000 0.847844
Name:amopack_01
Translation: -2836.358154,-12.898999,5011.486816
Dof: -0.804579 0.000000 0.593845
Up: 0.000000 1.000000 0.000000
Right: -0.593845 0.000000 -0.804579
Name:amopack_01
Translation: -2831.607666,-12.898999,5017.924316
Dof: -0.804579 0.000000 0.593845
Up: 0.000000 1.000000 0.000000
Right: -0.593845 0.000000 -0.804579
Name:amopack_01
Translation: -2826.857178,-12.898999,5024.361816
Dof: -0.804579 0.000000 0.593845
Up: 0.000000 1.000000 0.000000
Right: -0.593845 0.000000 -0.804579
Name:amopack_01
Translation: -2822.106689,-12.898999,5030.799316
Dof: -0.804579 0.000000 0.593845
Up: 0.000000 1.000000 0.000000
Right: -0.593845 0.000000 -0.804579
Name:amopack_01
Translation: -2817.356201,-12.898999,5037.236816
Dof: -0.804579 0.000000 0.593845
Up: 0.000000 1.000000 0.000000
Right: -0.593845 0.000000 -0.804579
Name:amopack_01
Translation: -1182.815308,-21.005037,662.263062
Dof: 0.161940 0.000000 0.986801
Up: 0.000000 1.000000 0.000000
Right: -0.986801 0.000000 0.161940
Dele:bship_01
Translation: -3579.663574,-179.761978,548.528320
Dof: 0.996148 0.000000 0.087693
Up: 0.000000 1.000000 0.000000
Right: -0.087693 0.000000 0.996148
Dele:horuin4_01
Translation: -8345.144531,-280.338104,-3365.034180
Dof: -0.799403 0.000000 0.600795
Up: 0.000000 1.000000 0.000000
Right: -0.600795 0.000000 -0.799403
Dele:flagbase_2
Translation: -8356.033203,-282.870422,-3353.399902
Dof: -0.828637 0.000000 -0.559787
Up: 0.000000 1.000000 0.000000
Right: 0.559787 0.000000 -0.828637
Dele:flagbase_1
Translation: 126.308548,-163.202240,8142.179199
Dof: 0.807220 0.000000 -0.590250
Up: 0.000000 1.000000 0.000000
Right: 0.590250 0.000000 0.807220
Dele:horuin1_01
Translation: 796.212158,-186.679031,4157.255371
Dof: 0.013581 0.000000 -0.999908
Up: 0.000000 1.000000 0.000000
Right: 0.999908 0.000000 0.013581
Dele:hylla_01
Translation: 634.908936,-183.124390,4149.812988
Dof: 0.999855 0.000000 -0.017022
Up: 0.000000 1.000000 0.000000
Right: 0.017022 0.000000 0.999855
Dele:house3_01
Translation: -8180.299316,-268.312775,-3293.969971
Dof: -0.460969 0.000000 -0.887416
Up: 0.000000 1.000000 0.000000
Right: 0.887416 0.000000 -0.460969
Dele:house3_01
Translation: -8235.215820,-272.183685,-3316.281494
Dof: 0.243979 0.000000 -0.969781
Up: 0.000000 1.000000 0.000000
Right: 0.969781 0.000000 0.243979
Name:house4_01
Translation: -8194.311523,-271.547668,-3328.250732
Dof: 0.185277 0.000000 -0.982686
Up: 0.000000 1.000000 0.000000
Right: 0.982686 0.000000 0.185277
Dele:house3_01
Translation: -8358.328125,-271.484924,-3250.576904
Dof: 0.992512 0.000000 0.122151
Up: 0.000000 1.000000 0.000000
Right: -0.122151 0.000000 0.992512
Name:house3_01
Translation: -8378.898438,-275.102844,-3274.564209
Dof: -0.998046 0.000000 -0.062486
Up: 0.000000 1.000000 0.000000
Right: 0.062486 0.000000 -0.998046
Dele:shed_01
Translation: -8475.589844,-285.848389,-3347.452393
Dof: -0.001410 0.000000 -0.999999
Up: 0.000000 1.000000 0.000000
Right: 0.999999 0.000000 -0.001410
Name:shed_01
Translation: -8458.107422,-285.891022,-3406.157471
Dof: 0.110848 0.000000 -0.993837
Up: 0.000000 1.000000 0.000000
Right: 0.993837 0.000000 0.110848
Name:flagbase_1
Translation: -8336.252930,-279.983124,-3397.348389
Dof: 0.999516 0.000000 0.031107
Up: 0.000000 1.000000 0.000000
Right: -0.031107 0.000000 0.999516
Dele:hylla_01
Translation: -8458.226563,-288.046692,-3434.456055
Dof: 0.145172 0.000000 -0.989406
Up: 0.000000 1.000000 0.000000
Right: 0.989406 0.000000 0.145172
Dele:hylla_01
Translation: -8494.238281,-289.228394,-3421.710205
Dof: 0.995916 0.000000 0.090279
Up: 0.000000 1.000000 0.000000
Right: -0.090279 0.000000 0.995916
Dele:hylla_01
Translation: -8494.577148,-289.293182,-3427.552490
Dof: 0.997330 0.000000 0.073032
Up: 0.000000 1.000000 0.000000
Right: -0.073032 0.000000 0.997330
Dele:rtable_01
Translation: -8476.189453,-287.738892,-3435.695313
Dof: -0.083064 0.000000 0.996544
Up: 0.000000 1.000000 0.000000
Right: -0.996544 0.000000 -0.083064
Name:hylla_01
Translation: -8473.037109,-288.089081,-3436.796387
Dof: -0.129889 0.000000 0.991529
Up: 0.000000 1.000000 0.000000
Right: -0.991529 0.000000 -0.129889

Name:snipegun_01
Translation: -8471.174805,-301.087463,-3434.914307
Dof: -0.134666 0.000000 0.990891
Up: 0.000000 1.000000 0.000000
Right: -0.990891 0.000000 -0.134666
Name:amopack_01
Translation: -8467.162109,-290.528870,-3436.167969
Dof: -0.667495 0.000000 -0.744615
Up: 0.000000 1.000000 0.000000
Right: 0.744615 0.000000 -0.667495
Name:amopack_01
Translation: -8474.309570,-290.528870,-3437.550049
Dof: -0.667495 0.000000 -0.744615
Up: 0.000000 1.000000 0.000000
Right: 0.744615 0.000000 -0.667495
Name:amopack_01
Translation: -8481.587891,-290.502380,-3437.743164
Dof: -0.841662 0.000000 0.540006
Up: 0.000000 1.000000 0.000000
Right: -0.540006 0.000000 -0.841662
Name:gasw_01
Translation: -8471.830078,-309.245148,-3434.741455
Dof: -0.126087 0.000000 0.992019
Up: 0.000000 1.000000 0.000000
Right: -0.992019 0.000000 -0.126087
Name:gasamo_01
Translation: -8477.052734,-308.786285,-3434.925293
Dof: -0.990343 0.000000 -0.138636
Up: 0.000000 1.000000 0.000000
Right: 0.138636 0.000000 -0.990343
Name:gasamo_01
Translation: -8477.646484,-308.786285,-3435.008545
Dof: -0.990343 0.000000 -0.138636
Up: 0.000000 1.000000 0.000000
Right: 0.138636 0.000000 -0.990343
Name:gasamo_01
Translation: -8478.241211,-308.786285,-3435.091553
Dof: -0.990343 0.000000 -0.138636
Up: 0.000000 1.000000 0.000000
Right: 0.138636 0.000000 -0.990343
Name:gasamo_01
Translation: -8478.834961,-308.786285,-3435.174805
Dof: -0.990343 0.000000 -0.138636
Up: 0.000000 1.000000 0.000000
Right: 0.138636 0.000000 -0.990343
Name:gasamo_01
Translation: -8479.429688,-308.786285,-3435.258057
Dof: -0.990343 0.000000 -0.138636
Up: 0.000000 1.000000 0.000000
Right: 0.138636 0.000000 -0.990343
Name:gasamo_01
Translation: -8480.023438,-308.786285,-3435.341309
Dof: -0.990343 0.000000 -0.138636
Up: 0.000000 1.000000 0.000000
Right: 0.138636 0.000000 -0.990343
Name:rockets_01
Translation: -8495.267578,-289.579681,-3415.656982
Dof: -0.160340 0.000000 0.987062
Up: 0.000000 1.000000 0.000000
Right: -0.987062 0.000000 -0.160340
Name:rockets_01
Translation: -8493.888672,-289.579681,-3424.145752
Dof: -0.160340 0.000000 0.987062
Up: 0.000000 1.000000 0.000000
Right: -0.987062 0.000000 -0.160340
Name:grenade_01
Translation: -8478.353516,-300.084869,-3434.508057
Dof: -0.990520 0.000000 -0.137370
Up: 0.000000 1.000000 0.000000
Right: 0.137370 0.000000 -0.990520
Name:grenade_01
Translation: -8479.146484,-300.084869,-3434.618164
Dof: -0.990520 0.000000 -0.137370
Up: 0.000000 1.000000 0.000000
Right: 0.137370 0.000000 -0.990520
Name:grenade_01
Translation: -8479.938477,-300.084869,-3434.728027
Dof: -0.990520 0.000000 -0.137370
Up: 0.000000 1.000000 0.000000
Right: 0.137370 0.000000 -0.990520
Name:grenade_01
Translation: -8480.731445,-300.084869,-3434.837891
Dof: -0.990520 0.000000 -0.137370
Up: 0.000000 1.000000 0.000000
Right: 0.137370 0.000000 -0.990520
Name:motorcyc_01
Translation: -8479.483398,-297.246704,-3375.896484
Dof: 0.995595 0.000000 0.093764
Up: 0.000000 1.000000 0.000000
Right: -0.093764 0.000000 0.995595
Dele:crazepp_01
Translation: 622.310730,-43.377243,5340.789063
Dof: 0.999663 0.000000 0.025954
Up: 0.000000 1.000000 0.000000
Right: -0.025954 0.000000 0.999663
Dele:cwall1_01
Translation: 378.248566,-52.232307,5391.356445
Dof: -0.124819 0.000000 -0.992180
Up: 0.000000 1.000000 0.000000
Right: 0.992180 0.000000 -0.124819
Dele:cwall1_01
Translation: 388.209137,-52.232307,5470.532227
Dof: -0.124819 0.000000 -0.992180
Up: 0.000000 1.000000 0.000000
Right: 0.992180 0.000000 -0.124819
Dele:cwall1_01
Translation: 349.004883,-53.216778,5398.573242
Dof: -0.326702 0.000000 -0.945127
Up: 0.000000 1.000000 0.000000
Right: 0.945127 0.000000 -0.326702
Dele:cwall90_01
Translation: 388.507751,-42.453068,5482.829102
Dof: -0.952071 0.000000 0.305878
Up: 0.000000 1.000000 0.000000
Right: -0.305878 0.000000 -0.952071
Dele:cwall1_01
Translation: 470.301666,-42.453041,5477.839355
Dof: -0.952071 0.000000 0.305878
Up: 0.000000 1.000000 0.000000
Right: -0.305878 0.000000 -0.952071
Dele:cwall1_01
Translation: 546.467224,-42.453041,5453.369141
Dof: -0.952071 0.000000 0.305878
Up: 0.000000 1.000000 0.000000
Right: -0.305878 0.000000 -0.952071
Dele:cwall90_01
Translation: 586.060303,-58.274628,5421.164063
Dof: -0.952071 0.000000 0.305878
Up: 0.000000 1.000000 0.000000
Right: -0.305878 0.000000 -0.952071
Name:dtreec1_01
Translation: -8238.228516,-279.089417,-3506.350098
Dof: -0.890920 0.000000 0.454160
Up: 0.000000 1.000000 0.000000
Right: -0.454160 0.000000 -0.890920
Dele:dtree1_01
Translation: -8332.573242,-304.054840,-3556.411865
Dof: -0.855555 0.000000 0.517712
Up: 0.000000 1.000000 0.000000
Right: -0.517712 0.000000 -0.855555
Dele:tree1_01
Translation: -8233.016602,-280.263458,-3526.205811
Dof: -0.642546 0.000000 0.766247
Up: 0.000000 1.000000 0.000000
Right: -0.766247 0.000000 -0.642546
Dele:1ciste_01
Translation: 215.762100,-187.076508,486.037659
Dof: -0.428138 0.000000 -0.903713
Up: 0.000000 1.000000 0.000000
Right: 0.903713 0.000000 -0.428138
Dele:ddoor_01
Translation: 226.221405,-163.669785,-157.131348
Dof: 0.499593 0.000000 0.866260
Up: 0.000000 1.000000 0.000000
Right: -0.866260 0.000000 0.499593
Name:ddoor_01
Translation: 530.265686,-163.226318,180.519974
Dof: -0.896088 0.000000 -0.443876
Up: 0.000000 1.000000 0.000000
Right: 0.443876 0.000000 -0.896088
Dele:ddoor_01
Translation: 223.341583,-163.926315,-157.160339
Dof: 0.615436 0.000000 -0.788187
Up: 0.000000 1.000000 0.000000
Right: 0.788187 0.000000 0.615436
Name:ddoor_01
Translation: 223.805222,-162.926315,-157.404297
Dof: 0.362192 0.000000 -0.932103
Up: 0.000000 1.000000 0.000000
Right: 0.932103 0.000000 0.362192
Dele:horuin4_01
Translation: 1079.288452,-390.638245,3068.419434
Dof: 0.768197 0.000000 -0.640214
Up: 0.000000 1.000000 0.000000
Right: 0.640214 0.000000 0.768197
Dele:horuin4_01
Translation: 1080.476685,-390.438263,3065.454102
Dof: 0.745583 0.000000 -0.666413
Up: 0.000000 1.000000 0.000000
Right: 0.666413 0.000000 0.745583
Dele:house4_01
Translation: 1040.275513,-389.438263,2936.435791
Dof: -0.035069 0.000000 -0.999385
Up: 0.000000 1.000000 0.000000
Right: 0.999385 0.000000 -0.035069
Dele:horuin4_01
Translation: 1021.420715,-389.638245,3088.902832
Dof: 0.973647 0.000000 -0.228059
Up: 0.000000 1.000000 0.000000
Right: 0.228059 0.000000 0.973647
Name:house4_01
Translation: 1075.275757,-389.638245,2969.687012
Dof: -0.121305 0.000000 -0.992615
Up: 0.000000 1.000000 0.000000
Right: 0.992615 0.000000 -0.121305
Dele:horuin4_01
Translation: 984.791260,-389.438263,3106.309570
Dof: 0.993093 0.000000 -0.117327
Up: 0.000000 1.000000 0.000000
Right: 0.117327 0.000000 0.993093
Name:dtreeb1_01
Translation: 837.585999,-389.638214,2891.995850
Dof: -0.986573 0.000000 0.163323
Up: 0.000000 1.000000 0.000000
Right: -0.163323 0.000000 -0.986573
Dele:fence_01
Translation: 904.849182,-389.038239,3140.829590
Dof: 0.951965 0.000000 0.306207
Up: 0.000000 1.000000 0.000000
Right: -0.306207 0.000000 0.951965
Dele:fence_01
Translation: 953.101074,-389.770569,3156.074463
Dof: 0.951965 0.000000 0.306207
Up: 0.000000 1.000000 0.000000
Right: -0.306207 0.000000 0.951965
Dele:dtree1_01
Translation: 1064.948242,-389.838257,3076.355713
Dof: 0.717640 0.000000 -0.696415
Up: 0.000000 1.000000 0.000000
Right: 0.696415 0.000000 0.717640
Name:dtreec1_01
Translation: 873.298340,-388.038269,3138.609375
Dof: -0.592442 0.000000 0.805613
Up: 0.000000 1.000000 0.000000
Right: -0.805613 0.000000 -0.592442
Name:shed_01
Translation: 1026.402222,-388.638306,3091.579346
Dof: -0.751548 0.000000 0.659678
Up: 0.000000 1.000000 0.000000
Right: -0.659678 0.000000 -0.751548
Dele:flagbase_2
Translation: 931.987793,-391.238251,3120.090088
Dof: 0.832708 0.000000 0.553713
Up: 0.000000 1.000000 0.000000
Right: -0.553713 0.000000 0.832708
Dele:flagbase_2
Translation: 979.452820,-391.038269,3024.746582
Dof: 0.993996 0.000000 0.109416
Up: 0.000000 1.000000 0.000000
Right: -0.109416 0.000000 0.993996
Name:sb_01
Translation: 877.239563,-390.438263,3126.656494
Dof: 0.941662 0.000000 0.336559
Up: 0.000000 1.000000 0.000000
Right: -0.336559 0.000000 0.941662
Name:sb_01
Translation: 845.465454,-390.438263,3092.954346
Dof: 0.280567 0.000000 0.959834
Up: 0.000000 1.000000 0.000000
Right: -0.959834 0.000000 0.280567
Name:aagun3_01
Translation: 883.603210,-390.838257,3088.889404
Dof: 0.766935 0.000000 0.641725
Up: 0.000000 1.000000 0.000000
Right: -0.641725 0.000000 0.766935
Dele:car_01
Translation: 1061.026855,-406.638275,3042.664307
Dof: -0.379498 0.000000 0.925193
Up: 0.000000 1.000000 0.000000
Right: -0.925193 0.000000 -0.379498
Name:hylla_01
Translation: 1016.148865,-391.238281,3123.477783
Dof: 0.744534 0.000000 -0.667585
Up: 0.000000 1.000000 0.000000
Right: 0.667585 0.000000 0.744534
Name:hpacklg_01
Translation: 1018.818909,-402.438263,3122.483643
Dof: 0.690054 0.000000 0.723758
Up: 0.000000 1.000000 0.000000
Right: -0.723758 0.000000 0.690054
Name:jacket1_01
Translation: 1043.707642,-391.038300,3120.860840
Dof: 0.804609 0.000000 -0.593805
Up: 0.000000 1.000000 0.000000
Right: 0.593805 0.000000 0.804609
Name:gasw_01
Translation: 1016.891724,-412.038269,3121.452637
Dof: 0.755974 0.000000 -0.654601
Up: 0.000000 1.000000 0.000000
Right: 0.654601 0.000000 0.755974
Name:rockets_01
Translation: 1032.900146,-391.438263,3127.430664
Dof: 0.945088 0.000000 -0.326817
Up: 0.000000 1.000000 0.000000
Right: 0.326817 0.000000 0.945088
Name:amopack_01
Translation: 1013.117798,-393.638275,3119.773438
Dof: 0.576524 0.000000 0.817080
Up: 0.000000 1.000000 0.000000
Right: -0.817080 0.000000 0.576524
Name:amopack_01
Translation: 1017.509338,-393.638275,3124.262939
Dof: 0.576524 0.000000 0.817080
Up: 0.000000 1.000000 0.000000
Right: -0.817080 0.000000 0.576524
Name:amopack_01
Translation: 1021.426636,-393.638275,3129.404785
Dof: 0.926706 0.000000 0.375787
Up: 0.000000 1.000000 0.000000
Right: -0.375787 0.000000 0.926706
Dele:flagbase_2
Translation: 969.991943,-391.238251,3018.088867
Dof: 0.464008 0.000000 -0.885831
Up: 0.000000 1.000000 0.000000
Right: 0.885831 0.000000 0.464008
Name:flagbase_2
Translation: 1031.084961,-391.038239,3037.002197
Dof: 0.425262 0.000000 -0.905070
Up: 0.000000 1.000000 0.000000
Right: 0.905070 0.000000 0.425262
Name:tank3_01
Translation: 1049.789307,-411.438263,2890.823486
Dof: 0.106311 0.000000 0.994333
Up: 0.000000 1.000000 0.000000
Right: -0.994333 0.000000 0.106311
Name:plane2_01
Translation: -164.094666,-175.486526,2793.980713
Dof: 0.662981 0.000000 -0.748637
Up: 0.000000 1.000000 0.000000
Right: 0.748637 0.000000 0.662981
Name:parachu_01
Translation: -372.441071,-161.020432,2730.680176
Dof: -0.220467 0.000000 0.975394
Up: 0.000000 1.000000 0.000000
Right: -0.975394 0.000000 -0.220467
Name:kpist_01
Translation: -355.199829,-159.954758,2736.848389
Dof: -0.636185 0.000000 0.771537
Up: 0.000000 1.000000 0.000000
Right: -0.771537 0.000000 -0.636185
Name:plane3_01
Translation: 709.308350,-167.269775,242.091782
Dof: -0.998030 0.000000 0.062738
Up: 0.000000 1.000000 0.000000
Right: -0.062738 0.000000 -0.998030
Name:rtable_01
Translation: 644.798218,-149.469788,231.813522
Dof: -0.999987 0.000000 -0.005164
Up: 0.000000 1.000000 0.000000
Right: 0.005164 0.000000 -0.999987
Name:kpist_01
Translation: 651.968933,-161.069778,242.551926
Dof: -0.474473 0.000000 0.880270
Up: 0.000000 1.000000 0.000000
Right: -0.880270 0.000000 -0.474473
Name:amopack_01
Translation: 649.378906,-160.469772,235.719162
Dof: -0.198837 0.000000 0.980033
Up: 0.000000 1.000000 0.000000
Right: -0.980033 0.000000 -0.198837
Name:amopack_01
Translation: 648.770996,-160.469772,228.657272
Dof: -0.198837 0.000000 0.980033
Up: 0.000000 1.000000 0.000000
Right: -0.980033 0.000000 -0.198837
Name:rockets_01
Translation: 646.491943,-160.469772,218.032211
Dof: 0.007495 0.000000 0.999972
Up: 0.000000 1.000000 0.000000
Right: -0.999972 0.000000 0.007495
Name:tank2_01
Translation: -7191.801270,-843.867737,5029.158203
Dof: -0.999784 0.000000 0.020792
Up: 0.000000 1.000000 0.000000
Right: -0.020792 0.000000 -0.999784
Name:tank2_01
Translation: -7284.905762,-839.933289,5031.098633
Dof: -0.999784 0.000000 0.020792
Up: 0.000000 1.000000 0.000000
Right: -0.020792 0.000000 -0.999784
Name:grenade_01
Translation: 1012.905945,-403.238281,3116.628906
Dof: 0.676486 0.000000 0.736456
Up: 0.000000 1.000000 0.000000
Right: -0.736456 0.000000 0.676486
Name:grenade_01
Translation: 1013.717773,-403.238281,3117.512695
Dof: 0.676486 0.000000 0.736456
Up: 0.000000 1.000000 0.000000
Right: -0.736456 0.000000 0.676486
Name:grenade_01
Translation: 1014.394226,-403.238281,3118.249023
Dof: 0.676486 0.000000 0.736456
Up: 0.000000 1.000000 0.000000
Right: -0.736456 0.000000 0.676486
Name:grenade_01
Translation: 1015.070679,-403.238281,3118.985596
Dof: 0.676486 0.000000 0.736456
Up: 0.000000 1.000000 0.000000
Right: -0.736456 0.000000 0.676486
Name:gasamo_01
Translation: 1015.747253,-403.238281,3119.721924
Dof: 0.676486 0.000000 0.736456
Up: 0.000000 1.000000 0.000000
Right: -0.736456 0.000000 0.676486
Name:gasamo_01
Translation: 1016.423706,-403.238281,3120.458496
Dof: 0.676486 0.000000 0.736456
Up: 0.000000 1.000000 0.000000
Right: -0.736456 0.000000 0.676486
Name:gasamo_01
Translation: 1017.235535,-403.238281,3121.342285
Dof: 0.676486 0.000000 0.736456
Up: 0.000000 1.000000 0.000000
Right: -0.736456 0.000000 0.676486
Name:motorcyc_01
Translation: 1044.538452,-250.835281,-995.332397
Dof: -0.044407 0.000000 0.999014
Up: 0.000000 1.000000 0.000000
Right: -0.999014 0.000000 -0.044407
Dele:fence_01
Translation: 1089.733398,-207.103760,-905.446838
Dof: 0.999896 0.000000 0.014456
Up: 0.000000 1.000000 0.000000
Right: -0.014456 0.000000 0.999896
Dele:fence_01
Translation: 1088.527222,-207.844360,-865.951599
Dof: -0.999979 0.000000 -0.006443
Up: 0.000000 1.000000 0.000000
Right: 0.006443 0.000000 -0.999979
Dele:pstation_01
Translation: 444.679749,-146.869781,-158.458496
Dof: 0.999891 0.000000 -0.014747
Up: 0.000000 1.000000 0.000000
Right: 0.014747 0.000000 0.999891
Name:car_01
Translation: -409.453461,-170.612717,2691.857178
Dof: -0.810263 0.000000 -0.586066
Up: 0.000000 1.000000 0.000000
Right: 0.586066 0.000000 -0.810263

Dele:aagun3_01
Translation: -7315.803711,-475.756256,-184.069870
Dof: 0.786137 0.000000 -0.618053
Up: 0.000000 1.000000 0.000000
Right: 0.618053 0.000000 0.786137
Name:teambpos_01
Translation: -110.525284,-147.188980,2704.198486
Dof: 0.738839 0.000000 0.673882
Up: 0.000000 1.000000 0.000000
Right: -0.673882 0.000000 0.738839
Dele:aagun3_01
Translation: -7315.788574,-475.695709,-183.767212
Dof: 0.013298 0.000000 -0.999912
Up: 0.000000 1.000000 0.000000
Right: 0.999912 0.000000 0.013298
Name:gggun_01
Translation: -7093.228516,-606.860168,-1975.470337
Dof: -0.672022 0.000000 -0.740531
Up: 0.000000 1.000000 0.000000
Right: 0.740531 0.000000 -0.672022
Name:sb_01
Translation: -7057.286133,-601.874390,-1969.015381
Dof: 0.162232 0.000000 -0.986753
Up: 0.000000 1.000000 0.000000
Right: 0.986753 0.000000 0.162232
Dele:sb_01
Translation: -7073.062988,-597.765808,-2024.031860
Dof: -0.659106 0.000000 -0.752050
Up: 0.000000 1.000000 0.000000
Right: 0.752050 0.000000 -0.659106
Name:sb_01
Translation: -7083.998535,-600.547546,-2007.708374
Dof: -0.942536 0.000000 -0.334104
Up: 0.000000 1.000000 0.000000
Right: 0.334104 0.000000 -0.942536
Dele:fence_01
Translation: -7479.807129,-412.607941,286.941132
Dof: -0.010103 0.000000 -0.999949
Up: 0.000000 1.000000 0.000000
Right: 0.999949 0.000000 -0.010103
Name:fence_01
Translation: -7515.926270,-415.880615,380.420166
Dof: -0.120037 0.000000 0.992769
Up: 0.000000 1.000000 0.000000
Right: -0.992769 0.000000 -0.120037
Name:fence_01
Translation: -7500.321289,-415.880615,251.360077
Dof: -0.120037 0.000000 0.992769
Up: 0.000000 1.000000 0.000000
Right: -0.992769 0.000000 -0.120037
Name:fence_01
Translation: -7484.716797,-415.880615,122.300072
Dof: -0.120037 0.000000 0.992769
Up: 0.000000 1.000000 0.000000
Right: -0.992769 0.000000 -0.120037
Name:fence_01
Translation: -7469.111816,-415.880615,-6.760056
Dof: -0.120037 0.000000 0.992769
Up: 0.000000 1.000000 0.000000
Right: -0.992769 0.000000 -0.120037
Name:fence_01
Translation: -7453.506836,-415.880615,-135.820084
Dof: -0.120037 0.000000 0.992769
Up: 0.000000 1.000000 0.000000
Right: -0.992769 0.000000 -0.120037
Dele:1ciste_01
Translation: -7532.652832,-436.234833,245.114075
Dof: -0.138175 0.000000 -0.990408
Up: 0.000000 1.000000 0.000000
Right: 0.990408 0.000000 -0.138175
Dele:2ciste_01
Translation: -7535.099609,-456.490112,201.512619
Dof: -0.077970 0.000000 -0.996956
Up: 0.000000 1.000000 0.000000
Right: 0.996956 0.000000 -0.077970
Name:torpboat_01
Translation: -5719.476074,-60.432243,-2681.901367
Dof: 0.066502 0.000000 0.997786
Up: 0.000000 1.000000 0.000000
Right: -0.997786 0.000000 0.066502
Name:pstation_01
Translation: -7581.853516,-416.317230,186.053650
Dof: 0.125454 0.000000 -0.992099
Up: 0.000000 1.000000 0.000000
Right: 0.992099 0.000000 0.125454
Name:parachu_01
Translation: 1070.991089,-259.522034,-904.894287
Dof: -0.774920 0.000000 -0.632059
Up: 0.000000 1.000000 0.000000
Right: 0.632059 0.000000 -0.774920
Name:parachu_01
Translation: 1064.673950,-259.522034,-904.110718
Dof: -0.774920 0.000000 -0.632059
Up: 0.000000 1.000000 0.000000
Right: 0.632059 0.000000 -0.774920
Name:rockets_01
Translation: 988.806824,-257.301361,-891.298218
Dof: 0.210721 0.000000 0.977546
Up: 0.000000 1.000000 0.000000
Right: -0.977546 0.000000 0.210721
Name:rockets_01
Translation: 988.010864,-257.301361,-902.583862
Dof: 0.210721 0.000000 0.977546
Up: 0.000000 1.000000 0.000000
Right: -0.977546 0.000000 0.210721
Name:rockets_01
Translation: 991.196594,-257.300507,-916.558838
Dof: -0.492117 0.000000 0.870529
Up: 0.000000 1.000000 0.000000
Right: -0.870529 0.000000 -0.492117
Name:rockets_01
Translation: 989.412231,-257.310150,-926.699707
Dof: 0.261165 0.000000 0.965294
Up: 0.000000 1.000000 0.000000
Right: -0.965294 0.000000 0.261165
Name:parachu_01
Translation: 1056.740234,-259.502716,-906.436707
Dof: 0.176767 0.000000 -0.984253
Up: 0.000000 1.000000 0.000000
Right: 0.984253 0.000000 0.176767
Name:jacket2_01
Translation: 825.919434,-56.784363,7302.437012
Dof: 0.948785 0.000000 0.315924
Up: 0.000000 1.000000 0.000000
Right: -0.315924 0.000000 0.948785
Name:hpacklg_01
Translation: -8454.322266,-288.025909,-3428.318604
Dof: -0.729347 0.000000 -0.684144
Up: 0.000000 1.000000 0.000000
Right: 0.684144 0.000000 -0.729347
Name:parachu_01
Translation: 646.905212,-162.869781,249.418976
Dof: -0.640347 0.000000 0.768085
Up: 0.000000 1.000000 0.000000
Right: -0.768085 0.000000 -0.640347
Name:helicopter_01
Translation: 157.869324,-165.069733,9.939318
Dof: -0.004007 0.000000 -0.999992
Up: 0.000000 1.000000 0.000000
Right: 0.999992 0.000000 -0.004007
